20 50
2551.0 6785.0 3802.0 2031.0 5283.0 4008.0 1697.0 1844.0  936.0 3692.0 2636.0 1986.0 4476.0 1923.0 3126.0 2626.0  555.0 1660.0 3161.0  443.0 
  62.0   42.0   57.0   33.0   52.0   10.0   85.0   36.0   47.0   86.0   44.0   75.0   48.0   85.0   46.0   84.0   80.0   38.0   85.0   21.0   13.0   13.0   60.0   94.0   81.0   35.0   95.0   74.0   97.0    1.0   51.0   16.0   80.0    2.0   53.0   75.0   63.0   40.0    1.0   31.0   20.0   50.0   97.0    0.0   82.0   11.0   54.0   58.0   55.0   75.0 
  35.0   23.0   80.0   27.0   27.0   62.0   46.0   51.0   30.0   45.0   37.0    0.0   46.0   70.0   44.0   23.0   16.0   72.0   69.0   27.0   64.0   68.0   71.0   27.0   43.0    3.0    6.0   83.0   75.0   91.0   75.0   48.0   99.0   59.0   67.0   11.0   14.0   93.0   98.0   37.0   19.0   77.0   63.0   19.0   62.0   42.0   73.0   12.0   78.0    9.0 
  12.0   34.0    4.0   31.0   19.0   70.0   89.0   11.0   35.0   39.0   19.0   62.0   52.0   70.0   39.0   21.0   66.0   78.0   36.0   93.0   44.0   26.0    0.0   19.0   92.0    0.0   97.0   44.0   29.0   72.0   38.0   88.0   49.0   74.0   44.0   12.0   93.0   64.0   19.0   87.0   19.0   95.0   16.0   65.0   67.0   85.0    6.0   46.0   34.0   81.0 
  56.0   96.0   29.0   51.0   77.0   85.0    4.0   60.0   76.0    6.0   47.0   54.0   52.0   31.0   58.0   35.0    2.0   64.0   79.0   32.0   12.0   35.0   87.0   98.0   51.0   90.0   90.0    1.0   65.0   92.0   22.0   17.0   70.0    7.0   30.0   28.0   47.0    3.0   76.0   11.0   35.0   43.0   25.0   36.0   24.0   75.0   41.0   57.0   50.0   31.0 
  15.0   30.0   95.0    5.0    0.0    9.0   22.0   19.0   18.0    9.0   99.0   68.0   24.0    9.0   79.0   74.0   51.0   30.0    0.0   61.0   20.0   54.0    0.0   73.0   69.0   39.0   42.0   90.0   62.0   44.0   25.0   51.0   13.0   42.0    8.0   69.0    7.0   41.0   28.0   53.0   11.0    6.0   15.0   25.0    1.0   70.0   18.0   37.0   76.0   60.0 
  27.0   53.0   51.0   96.0   43.0   33.0    5.0   60.0   41.0   13.0   43.0   41.0   94.0    1.0    2.0   64.0   41.0   48.0   13.0   68.0   35.0   96.0   39.0   53.0   90.0   13.0   25.0   22.0   16.0   44.0   38.0   21.0   71.0   52.0   11.0   91.0    2.0   62.0   88.0    1.0   85.0    4.0   68.0    3.0   76.0   59.0   45.0   68.0   48.0   99.0 
  34.0    1.0   77.0   61.0   75.0   67.0   89.0   51.0   96.0   66.0   55.0   50.0   26.0   35.0   15.0   97.0   84.0   54.0   84.0    5.0   47.0   14.0   16.0   37.0   18.0   91.0   81.0   71.0   96.0    7.0   24.0   68.0   42.0    4.0   40.0   42.0   52.0   13.0   42.0   31.0   23.0   18.0   28.0   62.0   20.0   31.0   50.0   21.0   50.0   55.0 
  63.0   73.0   81.0   68.0   54.0   40.0   46.0   31.0   86.0   24.0   15.0   48.0   96.0   47.0   96.0   27.0   35.0   56.0    5.0   49.0   59.0   13.0   62.0   59.0   24.0   93.0   84.0   61.0   81.0   76.0   79.0    7.0   69.0   40.0   39.0    0.0    9.0   56.0   37.0   79.0   95.0   82.0   14.0   17.0   92.0   53.0   80.0   13.0   28.0   81.0 
  60.0   53.0   26.0   30.0   16.0   66.0   75.0   69.0    6.0   97.0   48.0    4.0   48.0   89.0   32.0   31.0   57.0   24.0   74.0   99.0   65.0   46.0   95.0   24.0   38.0   72.0   12.0    6.0   97.0   17.0   54.0   55.0   34.0   12.0   82.0    0.0   34.0   19.0    9.0   17.0   92.0   53.0   15.0   42.0   29.0    2.0   70.0   91.0   18.0   41.0 
  18.0   46.0   33.0   57.0   79.0    5.0   89.0   19.0   92.0   73.0   92.0    9.0   78.0   72.0   45.0   68.0   35.0   43.0   98.0   78.0   75.0   98.0   92.0   12.0   77.0   58.0   99.0   75.0   21.0   96.0   71.0   48.0   39.0   86.0   82.0   31.0   57.0   42.0   69.0   89.0   36.0   63.0   78.0   93.0   19.0   80.0   10.0   64.0   73.0   94.0 
  25.0   14.0   78.0   82.0   88.0   67.0   29.0   54.0   45.0   44.0   79.0   29.0   40.0    8.0   24.0   51.0   67.0    2.0   48.0   28.0   38.0   14.0   86.0   99.0   53.0   54.0   93.0    7.0   68.0   14.0   18.0   64.0   65.0   42.0   67.0   21.0   17.0    9.0   75.0   36.0   61.0   79.0   74.0   44.0   66.0   76.0   60.0   26.0    1.0   54.0 
  88.0   86.0   34.0   94.0   67.0    0.0    5.0   75.0   41.0   90.0   55.0   33.0   99.0   12.0   50.0    8.0   34.0   14.0   11.0   28.0   39.0   26.0    1.0    1.0   99.0   60.0   24.0   12.0   86.0   98.0   18.0   15.0   49.0   88.0   45.0   26.0   15.0   37.0   90.0   18.0   74.0    7.0   53.0   14.0   82.0    8.0   39.0   82.0   46.0   87.0 
  26.0    2.0   15.0   94.0   54.0    7.0   25.0   82.0   27.0   89.0   82.0   73.0   48.0   71.0   19.0   46.0   15.0   91.0   76.0   51.0   40.0   17.0   19.0   31.0   70.0   70.0   55.0   38.0    1.0   38.0   51.0   52.0    4.0    0.0   58.0    3.0   38.0   38.0   24.0   84.0   70.0   64.0   15.0   77.0   94.0   31.0   34.0   64.0   52.0   58.0 
   7.0   20.0   63.0   65.0   65.0   23.0   93.0   73.0    6.0   12.0   72.0   75.0   25.0   63.0   30.0    5.0   75.0   27.0   75.0   46.0    4.0   80.0   34.0   75.0    4.0   60.0   98.0    6.0   51.0   17.0   65.0   33.0   51.0   51.0   84.0   73.0   82.0   60.0   99.0   15.0   40.0   81.0   93.0   58.0   80.0   36.0   29.0   55.0   62.0   74.0 
  76.0   85.0   67.0    2.0    5.0   16.0   47.0   14.0   75.0   70.0   28.0   78.0   88.0   25.0   97.0   20.0   32.0   49.0   11.0   91.0   52.0   68.0   68.0   38.0   13.0   38.0   69.0   66.0   74.0   10.0   97.0   15.0   55.0    1.0   77.0   22.0    5.0   64.0   48.0   95.0   71.0   53.0   33.0   78.0   67.0   94.0    6.0   22.0   45.0   54.0 
  77.0   85.0    6.0   81.0   22.0   15.0   31.0   20.0   99.0   33.0   87.0   93.0   57.0    7.0   48.0   84.0   17.0   37.0   56.0   57.0   67.0   51.0   17.0   53.0   53.0   99.0   92.0   77.0   76.0   42.0   95.0   97.0   83.0   51.0   81.0   36.0   64.0   99.0   44.0   64.0   40.0   55.0   11.0   97.0   64.0   77.0   31.0   83.0    9.0    4.0 
  88.0    5.0    8.0   65.0   93.0   23.0   76.0   60.0    0.0   89.0    6.0   25.0   36.0   44.0    7.0   42.0   99.0   88.0   19.0   64.0   73.0    4.0   26.0   31.0   52.0   74.0   83.0   94.0   52.0   95.0   26.0   30.0   36.0    4.0   98.0   64.0   29.0   92.0   61.0   83.0   40.0   23.0   23.0   59.0   74.0   57.0   47.0   66.0   62.0   62.0 
  24.0   81.0   87.0   35.0    1.0   88.0   11.0   32.0   93.0   89.0   86.0   78.0   39.0   99.0   77.0   29.0   90.0   45.0   31.0   64.0   48.0    1.0   18.0   41.0   12.0   38.0   75.0   29.0   22.0   65.0   55.0   63.0    0.0   74.0   62.0   77.0   97.0   82.0    4.0   58.0   35.0   77.0   28.0   80.0   52.0   59.0   72.0   56.0   42.0   86.0 
  34.0   98.0   78.0   89.0   61.0   68.0   17.0   86.0   29.0   97.0   24.0    1.0   14.0   33.0   78.0   89.0   89.0    4.0   87.0   65.0   91.0   79.0   59.0   72.0   91.0   44.0   73.0   54.0   65.0   66.0   42.0   21.0   60.0   65.0   87.0   17.0   62.0   80.0    5.0   94.0   69.0   39.0   35.0   75.0   54.0   28.0   28.0   25.0   39.0   61.0 
   8.0   85.0   56.0   53.0   56.0   97.0   58.0   99.0   14.0   83.0   78.0   34.0   94.0   91.0   35.0   97.0   23.0   25.0   11.0   74.0   36.0   28.0   43.0   92.0   70.0   85.0   16.0   15.0   58.0   10.0   58.0   32.0   21.0   44.0   33.0   57.0   64.0   44.0   36.0   18.0   68.0   83.0   84.0   53.0   87.0   39.0   12.0    5.0   36.0   92.0 
  99.0
 0.25 0.25 0.25 0.25 0.25 0.25 0.25 0.25 0.25 0.25 0.25 0.25 0.25 0.25 0.25 0.25 0.25 0.25 0.25 0.25 0.25 0.25 0.25 0.25 0.25 0.25 0.25 0.25 0.25 0.25 0.25 0.25 0.25 0.25 0.25 0.25 0.25 0.25 0.25 0.25 0.25 0.25 0.25 0.25 0.25 0.25 0.25 0.25 0.25 0.25
   0   0   0   0   0   0   0   0   0   0   0   0   0   0   0   0   0   0   0   0
   2   2   2   2   3   2   2   2   2   2   2   2   2   2   2   2   2   2   2   2

