20 50
 157.0  188.0  187.0  516.0  553.0  252.0  491.0  634.0  194.0  480.0  427.0  836.0  597.0  700.0 1030.0  777.0  168.0  340.0   98.0  798.0 
   2.0   79.0    2.0   26.0   94.0   24.0   12.0   18.0   89.0   46.0   14.0    3.0   48.0   70.0   20.0   14.0   80.0   57.0   34.0   13.0   35.0   96.0   52.0   90.0    2.0   99.0   53.0   52.0   98.0   92.0   19.0   74.0   97.0   74.0   33.0   85.0    5.0   75.0    1.0   55.0   11.0   81.0   71.0    6.0   90.0   20.0   42.0   45.0   18.0    5.0 
  57.0   57.0   10.0   43.0   20.0   95.0   26.0   93.0   68.0   26.0   85.0   23.0   11.0   62.0   65.0   84.0   27.0   98.0   19.0   71.0   73.0   29.0   93.0   35.0   13.0   71.0   44.0    9.0   27.0   77.0   55.0   83.0   15.0    0.0   34.0   42.0   67.0    2.0   19.0   66.0   55.0   44.0    0.0   90.0   33.0   19.0   74.0   20.0   69.0   53.0 
  98.0   16.0   13.0   85.0   96.0    0.0   64.0    7.0   51.0   24.0   77.0   98.0   37.0   77.0    8.0    1.0   76.0   17.0   81.0    3.0   81.0   19.0   35.0   76.0    3.0   18.0   66.0   26.0   68.0   48.0    0.0   14.0   14.0   32.0   31.0   85.0    1.0   76.0    9.0   68.0   29.0   15.0   93.0   27.0   81.0   33.0   25.0   78.0   38.0   33.0 
  14.0   14.0   40.0   91.0   87.0   80.0   92.0    1.0   18.0   12.0   86.0   26.0   38.0   82.0   50.0   49.0   87.0   76.0    0.0   96.0   74.0   56.0    9.0    8.0   53.0   30.0   77.0    4.0   88.0   23.0   14.0   62.0   70.0   81.0   12.0   20.0   59.0   53.0   16.0   98.0   49.0   97.0   17.0   30.0   34.0   87.0   82.0   72.0   65.0   57.0 
  66.0   81.0   81.0    5.0   65.0   43.0    5.0   86.0   63.0   18.0   60.0   57.0   11.0   50.0   43.0   51.0   74.0   58.0   63.0   23.0   29.0   31.0   36.0   45.0   54.0   23.0   79.0    2.0   27.0   48.0   94.0   53.0   14.0   46.0    6.0   57.0   81.0   85.0   75.0   53.0   46.0   78.0   55.0    6.0   10.0    9.0   72.0   63.0   43.0   86.0 
  19.0   58.0   76.0   46.0   15.0   50.0   10.0   61.0   47.0   95.0    5.0   56.0   38.0   83.0   48.0   96.0   50.0   34.0   29.0   86.0   99.0   17.0   48.0   89.0   80.0   71.0   47.0   47.0   81.0    1.0   64.0   60.0   32.0   35.0   31.0   14.0   70.0   44.0   89.0   96.0   46.0   27.0    5.0   43.0   13.0   41.0   73.0   63.0   12.0   24.0 
  86.0   21.0   37.0   89.0   10.0   28.0   74.0   78.0   12.0   10.0   86.0   27.0   25.0   87.0   28.0   39.0   88.0   84.0   32.0   44.0   84.0   68.0   45.0   36.0   89.0   97.0   79.0   19.0    9.0   26.0   71.0   75.0    8.0   99.0   58.0   29.0   52.0   56.0    8.0   90.0   78.0   45.0   16.0   41.0   66.0   23.0   61.0   97.0   51.0   95.0 
  38.0   21.0   80.0   27.0   40.0   12.0   17.0    6.0   32.0   62.0   19.0   87.0   44.0   16.0   79.0   29.0   18.0   14.0   35.0   71.0   85.0   62.0   49.0    1.0   26.0   96.0   66.0   23.0   46.0   59.0   84.0   62.0   63.0   14.0    5.0   55.0   43.0   52.0   81.0   43.0   31.0   27.0   97.0   87.0    4.0   71.0   68.0    6.0    8.0   62.0 
  25.0   62.0   76.0   37.0   58.0   10.0   47.0   39.0   33.0    8.0   65.0   89.0   69.0   60.0   28.0    4.0   42.0   66.0   40.0   90.0   80.0   13.0    1.0   38.0   57.0   69.0    7.0   18.0   86.0    9.0   46.0    8.0   30.0   97.0   75.0   55.0   42.0   28.0   23.0   51.0   20.0   33.0   92.0   15.0   71.0   95.0   45.0   17.0   12.0   40.0 
  21.0   53.0   93.0   88.0   59.0   96.0    1.0   89.0   36.0    9.0   32.0   69.0   22.0   88.0   11.0   23.0   75.0   85.0   57.0   60.0   55.0   20.0    5.0   22.0   51.0    9.0   22.0    0.0   90.0   11.0   81.0   72.0   97.0   70.0   31.0   16.0   39.0   59.0   43.0   42.0   57.0   45.0    5.0   32.0   38.0   81.0   35.0   14.0    8.0   21.0 
  49.0   99.0   87.0   66.0   28.0   59.0   64.0   11.0   43.0   62.0   76.0   59.0   76.0   70.0    4.0   20.0   43.0   50.0   84.0   82.0   36.0   20.0   51.0   54.0   67.0   92.0   78.0    9.0   10.0   69.0   88.0   43.0   65.0   80.0   62.0   78.0   45.0   21.0   11.0   46.0   81.0   15.0   15.0   19.0   41.0   94.0   13.0   53.0   75.0   47.0 
  55.0   74.0   47.0   58.0   28.0   28.0   82.0   51.0   61.0   27.0   76.0   79.0   37.0   87.0   29.0   66.0   39.0   82.0   24.0   26.0   22.0   10.0    4.0   33.0   78.0   63.0   30.0   89.0    9.0   77.0   82.0    6.0   46.0   35.0   92.0   84.0   67.0   43.0   68.0   73.0   98.0   55.0   53.0   74.0   60.0   61.0   59.0   61.0   23.0   59.0 
   0.0   12.0    4.0   68.0   89.0   74.0   25.0   79.0   58.0   98.0   79.0   38.0   63.0   96.0   74.0   22.0   39.0   59.0   92.0   41.0   86.0   64.0   78.0   32.0   71.0   59.0   39.0   53.0   13.0    5.0    9.0   29.0   65.0    0.0   60.0   47.0   95.0    9.0    0.0   29.0   24.0   13.0   12.0   54.0   37.0   35.0    7.0   88.0   43.0   34.0 
  62.0    1.0   60.0   42.0    5.0    8.0   20.0   84.0   67.0   51.0   51.0   54.0   19.0   80.0   51.0   13.0   43.0   98.0   88.0   86.0   49.0   80.0   21.0   75.0   96.0   88.0   13.0   84.0    8.0   35.0   59.0   55.0   81.0    3.0   45.0   66.0   18.0   14.0   11.0   88.0   80.0   80.0   37.0    9.0   43.0   93.0    2.0    8.0   44.0   49.0 
  62.0    5.0   16.0   10.0   35.0   85.0   39.0   26.0   60.0    4.0   47.0    8.0    0.0   13.0   15.0   59.0   53.0   51.0   27.0   86.0    2.0   84.0   21.0   50.0   49.0   51.0   30.0    6.0   68.0    6.0   78.0    2.0   51.0   83.0   33.0   17.0   38.0   88.0   19.0   96.0   62.0   90.0   92.0    9.0    7.0   49.0   24.0   43.0   44.0   62.0 
  36.0   99.0   99.0   71.0   19.0   97.0   32.0   42.0    9.0   11.0    8.0   53.0   68.0   99.0   50.0   51.0   20.0   12.0   76.0   59.0   20.0   62.0   72.0   44.0   25.0   90.0   55.0   89.0   59.0   45.0   49.0   99.0   15.0   78.0    8.0   71.0   59.0   77.0    5.0   18.0    4.0   91.0   83.0   67.0   36.0   39.0   63.0    1.0   54.0   84.0 
   3.0   73.0   64.0   88.0   43.0   16.0   54.0    6.0   56.0   90.0   92.0   31.0    3.0   42.0    0.0   73.0   15.0   69.0   13.0   92.0   82.0   18.0   77.0   94.0   50.0   75.0   37.0   20.0   15.0   74.0   25.0   63.0   10.0   54.0    4.0   99.0   27.0   86.0   67.0   52.0   56.0   59.0    5.0   52.0   21.0   70.0   79.0   38.0   69.0   20.0 
  36.0    0.0   83.0   28.0   55.0   53.0   30.0   64.0   94.0   44.0   80.0   26.0    0.0   47.0   69.0   96.0   28.0   58.0   52.0   42.0   60.0   18.0   17.0   35.0   25.0   34.0   12.0   68.0   15.0   85.0   63.0   50.0   96.0   36.0   30.0   91.0   30.0   24.0   83.0   77.0   45.0   95.0   77.0   80.0   79.0   50.0   15.0   86.0   31.0   68.0 
  79.0   26.0   17.0   14.0   83.0   77.0   48.0   97.0   39.0   64.0    0.0   21.0   64.0   22.0   54.0   13.0   90.0   27.0   30.0    7.0   11.0   37.0   30.0   98.0   24.0   39.0   83.0   75.0   75.0   80.0   80.0   20.0   47.0   68.0   60.0   78.0   32.0   10.0   72.0   32.0   15.0   42.0   86.0   11.0   72.0   45.0   18.0   61.0   44.0   89.0 
  96.0   68.0   67.0   95.0   28.0   46.0   22.0   17.0   90.0   26.0   33.0   74.0   19.0   46.0   27.0   59.0   48.0   49.0   14.0    5.0   81.0   48.0   54.0   50.0   54.0   98.0   30.0    6.0   11.0   51.0   40.0   50.0   27.0   35.0   18.0   75.0    2.0   64.0   85.0   88.0    4.0   42.0   91.0   88.0   79.0   57.0   50.0   95.0   25.0   51.0 
  99.0
 0.75 0.75 0.75 0.75 0.75 0.75 0.75 0.75 0.75 0.75 0.75 0.75 0.75 0.75 0.75 0.75 0.75 0.75 0.75 0.75 0.75 0.75 0.75 0.75 0.75 0.75 0.75 0.75 0.75 0.75 0.75 0.75 0.75 0.75 0.75 0.75 0.75 0.75 0.75 0.75 0.75 0.75 0.75 0.75 0.75 0.75 0.75 0.75 0.75 0.75
   0   0   0   0   0   0   0   0   0   0   0   0   0   0   0   0   0   0   0   0
   2   2   2   3   3   2   3   4   2   3   2   4   4   4   7   4   2   2   2   5

