16
    0.0625     43.86   19.7226   91.6202   12.5616    53.995   87.9145   40.5009   68.7707   39.3542   40.0311
    0.0625   77.6651   17.6962    3.2932   11.3371   50.7128   32.3653   20.3997   29.5395   32.1302    65.842
    0.0625   62.7179   26.0457   55.0543   39.4583   12.4833   81.0384   24.7927   38.7835   40.8051   64.7958
    0.0625   27.2597   31.1623   55.9234   28.6207   47.0603   16.6811   40.6505   42.5147    59.459   75.3739
    0.0625   60.9233    28.751   74.3155   25.7929   28.1176   34.2503   70.0091   33.0894   48.6418   67.4372
    0.0625   8.61832   26.2045    49.308   12.8458   11.1188   69.3281   17.1373    52.374   30.4874   15.2166
    0.0625   36.3981   33.0781   73.8118   14.1985   19.0833   51.4747   34.5342   20.0761   34.8319   48.5243
    0.0625   80.1272   33.3967   41.1415   33.1532   34.2284   65.8939   48.4729   64.8591   51.9196   65.8022
    0.0625   51.6826   27.1263   78.4815    38.735   31.1907   76.8526   53.2919   44.8077    48.991   31.8196
    0.0625   55.3504   38.0654   74.0095   13.3039   33.9911   68.3197    47.874   63.8863   16.7087   83.6202
    0.0625   63.2269    36.537   71.2714   25.5311   40.8004   64.8266   14.9732   78.1089    25.441   57.4819
    0.0625   67.5232    35.224   83.3199   26.5315   43.8329   43.6031    57.485   26.9468    47.994   30.3204
    0.0625   56.7099   17.5333   39.0473   47.2011   38.8478   22.1935   46.2084   55.0654   40.0611    79.302
    0.0625   43.5185   4.70137   66.0539   41.6724   41.7207   71.6743   52.1081   79.8602     63.62   18.5903
    0.0625   47.4544     22.63   56.5696   39.5673   64.0828   76.9749   37.7684    31.328    53.743   55.4791
    0.0625   72.1836   23.9612   71.3998   13.7204   36.9895   56.2408   29.2356   67.5824   41.5219   51.1227
