100
0.01 107.071206 43.740042 72.025493 22.937122 62.441251 55.374438 78.833426 57.053009 60.831359 98.41067
0.01 77.152097 24.665689 98.98122 38.153613 65.858338 79.28621 54.637387 57.330691 52.626218 75.63907
0.01 52.539724 47.557703 101.105959 46.099148 53.49119 68.291468 63.499955 112.360201 67.665297 84.140138
0.01 80.412836 27.601755 52.036649 59.146886 65.809269 48.308881 70.531079 75.036976 63.040517 66.783874
0.01 54.536493 16.476973 90.312712 53.244997 36.132603 61.807419 59.082964 51.08021 66.007568 60.54377
0.01 73.937495 34.424203 87.99397 41.855631 53.903766 69.098487 49.45929 76.322642 50.872745 72.16013
0.01 77.528487 38.169252 76.413062 11.096547 49.039369 61.526848 59.14073 39.610256 71.392834 92.386862
0.01 75.221167 28.334154 67.131922 38.84082 42.629781 70.128052 68.370708 41.918707 49.253038 79.00435
0.01 88.874352 22.170314 86.629213 49.788961 63.757902 112.983489 51.947826 123.082943 46.886348 29.528561
0.01 100.18432 37.262588 55.580385 26.119356 47.013264 23.809873 82.881433 92.642113 63.660345 22.377514
0.01 23.471671 35.026676 84.30185 22.913038 37.069181 57.935846 56.828674 113.345794 36.731189 31.584131
0.01 70.652974 21.817505 90.141314 68.492561 50.33301 37.225732 73.484756 65.998836 36.187752 109.452193
0.01 82.030217 53.882455 107.745468 29.123228 68.315884 42.507125 53.450051 42.596921 52.565723 95.666786
0.01 42.682057 38.709571 75.044289 20.777516 69.487601 92.218061 51.561882 48.860316 45.358089 31.554441
0.01 49.858211 40.904743 92.034772 43.142572 61.906075 74.327569 49.30548 74.459089 88.472235 124.105392
0.01 23.288525 46.047153 98.919756 47.299124 55.973453 43.042958 56.576943 123.082943 62.792608 66.23417
0.01 80.447115 39.953204 57.23388 21.893579 43.62247 23.809873 37.260689 32.681654 51.502324 77.79363
0.01 88.262097 44.607987 120.759161 47.93078 61.661634 122.485837 45.535954 95.111075 31.339093 62.863135
0.01 71.355047 26.410763 84.340428 31.102868 64.013249 42.131683 50.669273 59.338728 40.037374 85.441013
0.01 69.811457 45.483551 60.430067 26.531871 46.370465 59.858896 60.053144 78.856137 58.028547 102.820087
0.01 51.405033 43.686823 101.64076 19.691305 52.919007 84.370344 55.020263 53.272605 51.704289 94.36695
0.01 59.512948 20.521848 40.428776 46.829374 43.119528 23.809873 53.177199 108.373964 46.155965 84.453279
0.01 56.758748 34.328454 95.69415 27.418169 58.505466 105.780284 46.331662 121.912686 62.030685 110.479128
0.01 121.400066 34.67318 100.947363 62.916951 64.971674 79.301586 43.628078 77.129327 67.780559 124.105392
0.01 58.269017 22.452539 28.787998 30.576961 50.334807 99.005158 33.852087 57.468948 66.60751 62.586413
0.01 55.758808 40.409633 53.250429 39.718834 39.889132 108.343115 37.312136 61.652946 68.895699 30.237255
0.01 75.826251 10.578392 59.776728 59.284889 36.717073 90.28536 75.306284 51.410487 66.367004 72.660275
0.01 70.194129 40.358853 103.386373 48.509186 53.066564 57.50568 44.526585 108.775094 51.26617 86.077877
0.01 67.390933 30.772082 81.317958 47.515481 38.716726 105.612815 57.640904 115.387035 58.796733 22.377514
0.01 95.557769 31.777809 36.817764 68.492561 46.440153 107.329866 71.730489 76.314235 66.437878 103.172304
0.01 100.116867 34.065545 54.696644 57.758974 65.336549 96.53936 78.785564 69.911196 51.371198 80.664902
0.01 57.758274 29.79907 83.395381 11.096547 60.625506 94.305428 51.857784 87.44751 81.742051 72.224586
0.01 103.489277 42.0164 79.452165 21.522884 45.764129 71.920964 42.529743 48.069103 66.448236 97.418979
0.01 81.57321 37.598834 116.282878 36.234725 55.504827 112.857799 58.816692 66.57981 48.527186 22.377514
0.01 86.880007 39.107465 43.077477 15.73603 34.479891 54.892506 54.368376 67.242839 55.239939 48.270924
0.01 100.442125 19.433725 76.393222 25.900415 62.287783 105.967768 58.944577 110.446101 56.004638 120.869699
0.01 88.242204 39.010976 86.164519 44.434277 53.398617 74.586425 56.004484 102.96992 58.433927 99.550856
0.01 97.218753 26.526503 87.026397 52.949759 59.96199 135.305484 47.427524 104.390194 47.496401 91.720146
0.01 79.917748 24.125854 116.324029 29.423862 63.298825 117.691376 73.401334 86.488165 53.219535 117.410694
0.01 61.9357 25.452407 68.987789 30.342672 39.031631 47.538855 37.64527 41.324244 70.737945 112.225383
0.01 66.679514 40.050123 85.454662 11.096547 42.173882 125.466184 68.428397 47.169422 46.352049 62.432093
0.01 55.026077 37.421832 34.320046 36.675165 46.34341 48.806773 50.482698 82.09558 58.359413 94.370539
0.01 97.337841 33.325018 98.307983 35.449427 55.678667 29.488228 62.741711 48.972851 62.406923 55.190752
0.01 71.71964 23.895049 91.264248 54.945912 59.276086 61.777133 52.267272 49.868953 60.974784 54.701096
0.01 43.174812 35.556407 89.037755 28.498412 55.191244 73.228794 55.95014 52.688399 39.539089 38.212548
0.01 103.805494 25.229288 51.42049 57.030184 49.543084 96.96097 68.805879 82.766606 49.297549 35.039565
0.01 105.09055 26.939039 90.017942 16.466717 59.326938 135.96524 53.208772 103.614131 53.873758 58.451153
0.01 49.149156 20.900037 113.365765 39.386579 52.024543 96.079893 50.059727 71.422017 61.994834 86.668854
0.01 58.628568 29.930431 60.936127 64.18644 54.188301 39.915513 60.813517 65.935732 48.737871 75.134087
0.01 75.244436 25.555602 92.990285 42.750773 45.818771 64.730123 65.934175 57.979844 55.366262 64.394528
0.01 31.742711 34.937259 103.630088 59.612928 53.341533 79.030902 57.073224 123.082943 51.999008 35.52366
0.01 80.153296 42.797573 49.435393 23.10468 52.222295 119.77713 57.300122 86.163305 45.839686 44.329857
0.01 71.829515 31.023878 58.061443 23.239685 54.738798 58.520551 52.80184 20.822888 43.181282 42.462305
0.01 79.690665 32.105726 82.443498 43.481465 55.356187 91.348973 58.6458 87.22621 60.063281 93.508542
0.01 68.215516 36.878433 99.005874 61.179785 47.370458 129.502725 75.856013 94.470249 60.185194 62.091375
0.01 99.697082 27.364364 106.396003 32.357978 45.379584 90.409261 70.66056 49.629511 42.626315 51.498243
0.01 65.982238 38.396138 119.717596 64.577195 46.584825 108.564822 63.177427 90.165576 66.065401 100.444263
0.01 64.683329 36.276181 81.276037 61.595517 57.360184 52.766224 53.106826 84.154822 33.885777 53.367036
0.01 49.745122 30.122513 113.807279 48.989515 50.780164 97.845094 59.831012 65.091054 44.65879 39.893203
0.01 82.473145 49.711647 88.238726 32.481285 53.971636 75.28671 53.431786 32.325601 55.594794 56.72546
0.01 98.520123 28.660763 53.432312 68.492561 41.904263 48.400688 51.845081 74.289263 37.850269 98.931212
0.01 57.289124 21.511322 107.494395 47.044008 41.088991 135.96524 57.705347 47.474057 76.108991 60.879573
0.01 49.445327 25.324936 64.39929 43.795506 44.239835 96.693694 66.245535 66.938939 61.942324 89.714377
0.01 62.544498 27.588087 72.873691 25.509939 58.36602 67.202932 48.059662 123.082943 48.299589 40.683182
0.01 46.794088 43.895268 66.208902 28.600616 58.884707 50.564613 62.445768 92.892662 54.10082 88.044629
0.01 95.326819 29.397969 81.076171 63.722982 63.158621 110.28958 64.200164 40.861094 57.314373 124.105392
0.01 85.276671 17.539013 60.157812 55.472805 64.232294 69.058558 41.357459 34.489193 49.854911 63.802182
0.01 62.776634 29.015857 69.675061 44.658261 44.591187 75.133518 59.34805 86.279017 58.359407 68.74124
0.01 102.496006 53.882455 81.690806 48.502934 53.369661 69.950616 57.542241 32.610941 57.802408 66.429245
0.01 62.815774 26.395681 50.112269 47.446007 69.268892 92.178271 53.528123 80.761034 58.843392 76.302414
0.01 70.129701 35.600675 111.694443 49.744618 40.564242 23.809873 57.257879 52.61315 44.061171 75.798869
0.01 107.710885 48.669109 62.82964 52.047953 45.912397 23.809873 52.657807 49.461517 41.814321 98.082983
0.01 109.02081 28.288739 55.268546 55.132024 58.870641 45.59794 57.798283 49.274521 74.307055 48.766491
0.01 83.239007 30.680217 93.57031 33.833539 57.941738 75.588445 64.826154 87.074972 56.444138 34.233865
0.01 103.332943 38.887427 73.102625 47.669574 54.647633 51.898709 64.899988 30.967926 81.385689 74.50923
0.01 96.631568 37.702413 95.851707 41.147095 52.928689 135.96524 60.743302 81.311849 53.804785 96.686359
0.01 101.813501 24.897207 78.180497 16.224273 55.641443 115.383114 53.718861 123.082943 48.354605 56.015685
0.01 112.387574 28.134192 96.106964 27.756846 44.106146 66.680256 57.692702 117.356001 45.244261 57.362326
0.01 46.684915 23.193973 54.809871 44.772254 52.947933 23.809873 55.113522 84.778754 62.5777 107.262047
0.01 64.940252 28.769459 85.183386 28.297362 63.142446 85.472961 45.730068 63.178095 45.050342 69.690935
0.01 44.820978 26.477549 66.358444 58.371817 54.499481 23.809873 70.893072 123.082943 43.780775 40.832158
0.01 71.434006 23.211171 93.337159 50.337215 58.622652 23.809873 67.813209 123.082943 57.249284 55.789863
0.01 86.376345 28.387402 44.677011 11.096547 61.357692 87.191218 44.511032 105.36706 72.694451 69.610616
0.01 96.571051 28.841568 94.754084 11.096547 57.532591 99.356995 68.985578 92.764423 95.148193 71.731795
0.01 52.299874 33.275958 48.722884 24.392171 40.707479 113.336888 37.998037 74.37268 50.550014 83.91235
0.01 61.811615 30.41133 71.436331 36.545484 56.408475 87.363949 57.816877 123.082943 75.898388 57.213263
0.01 46.548673 32.087578 85.660507 39.005692 56.235487 112.121146 49.930724 123.082943 58.976659 119.35089
0.01 107.330293 25.61218 133.490454 16.833491 61.693125 58.060764 53.023692 74.676079 57.017423 51.014482
0.01 45.740702 30.47858 60.46923 61.4051 57.718845 114.855437 57.345271 70.931369 53.865007 58.787974
0.01 73.111351 25.062662 69.896437 38.345925 59.212532 108.41228 54.169723 48.175427 46.929989 120.243161
0.01 32.57881 37.796613 97.544412 62.596905 47.373652 93.601382 60.525899 76.57969 61.505847 22.377514
0.01 68.369453 33.297363 115.460516 40.490878 53.225225 126.8125 48.937857 123.082943 66.841902 70.698788
0.01 76.132243 15.024348 82.442414 27.469144 60.750262 43.524592 53.926476 20.822888 60.09101 87.80897
0.01 68.056371 37.8918 67.160022 31.209135 49.942271 42.40094 48.781822 69.458776 58.574451 105.91469
0.01 49.339823 28.22925 68.810409 59.469573 70.072621 109.024232 63.374869 109.019669 46.94094 97.738555
0.01 76.310974 33.855524 72.984616 21.337386 60.395489 122.606496 58.99047 78.295592 67.614069 98.389328
0.01 51.466656 39.317576 93.436046 68.492561 51.060632 27.966542 58.601522 77.33434 58.724003 43.720613
0.01 59.906129 46.071428 83.082624 44.167774 46.444507 81.071538 55.521009 61.32015 75.407993 22.377514
0.01 60.119308 46.354067 76.046883 57.383694 49.617973 39.546041 61.107159 69.954996 42.079104 80.712601
0.01 60.195705 21.630206 57.125336 31.655927 71.063101 78.705997 62.329485 88.477711 71.743913 102.477679
