64
  0.015625     43.86   19.7226   91.6202   12.5616    53.995   87.9145   40.5009   68.7707   39.3542   40.0311
  0.015625   77.6651   17.6962    3.2932   11.3371   50.7128   32.3653   20.3997   29.5395   32.1302    65.842
  0.015625   62.7179   26.0457   55.0543   39.4583   12.4833   81.0384   24.7927   38.7835   40.8051   64.7958
  0.015625   27.2597   31.1623   55.9234   28.6207   47.0603   16.6811   40.6505   42.5147    59.459   75.3739
  0.015625   60.9233    28.751   74.3155   25.7929   28.1176   34.2503   70.0091   33.0894   48.6418   67.4372
  0.015625   8.61832   26.2045    49.308   12.8458   11.1188   69.3281   17.1373    52.374   30.4874   15.2166
  0.015625   36.3981   33.0781   73.8118   14.1985   19.0833   51.4747   34.5342   20.0761   34.8319   48.5243
  0.015625   80.1272   33.3967   41.1415   33.1532   34.2284   65.8939   48.4729   64.8591   51.9196   65.8022
  0.015625   51.6826   27.1263   78.4815    38.735   31.1907   76.8526   53.2919   44.8077    48.991   31.8196
  0.015625   55.3504   38.0654   74.0095   13.3039   33.9911   68.3197    47.874   63.8863   16.7087   83.6202
  0.015625   63.2269    36.537   71.2714   25.5311   40.8004   64.8266   14.9732   78.1089    25.441   57.4819
  0.015625   67.5232    35.224   83.3199   26.5315   43.8329   43.6031    57.485   26.9468    47.994   30.3204
  0.015625   56.7099   17.5333   39.0473   47.2011   38.8478   22.1935   46.2084   55.0654   40.0611    79.302
  0.015625   43.5185   4.70137   66.0539   41.6724   41.7207   71.6743   52.1081   79.8602     63.62   18.5903
  0.015625   47.4544     22.63   56.5696   39.5673   64.0828   76.9749   37.7684    31.328    53.743   55.4791
  0.015625   72.1836   23.9612   71.3998   13.7204   36.9895   56.2408   29.2356   67.5824   41.5219   51.1227
  0.015625   56.4399   20.5256   60.4668   42.0067   36.7974   45.3843   51.5849   79.4665   58.2742   28.3063
  0.015625   60.6649   37.5598    11.696   40.1309   35.6594   19.0007   62.4961   66.3381   64.9427   42.2517
  0.015625   68.5365   37.1442   80.4563   24.5127   25.9994    90.518   53.8865   69.0287   42.1181   73.5296
  0.015625   70.5853   34.3591   37.0404   41.2282    34.263   62.1889   43.1708   71.3814   33.8939   43.6158
  0.015625   49.9111   29.8095   67.6701   31.0386   52.8241   13.1112   41.5181   30.2966   63.5122   35.9851
  0.015625   83.3141   33.7063   74.9788    43.533   55.1808   30.8441   11.2068   24.3008   62.4259   49.5499
  0.015625   53.4019   36.3113   56.0649   23.4097   40.9905   83.8364     45.36   56.2738   49.7441     74.72
  0.015625   19.7373   17.7608   70.6596    15.512    57.713   57.4624   58.1186   48.2561   57.8718     68.75
  0.015625    60.406   19.9426   59.2956   21.7873   22.8905    52.388   33.9941   30.0863   61.8398    77.212
  0.015625   43.1743   25.3587   62.5956   17.2932   39.7466   37.4395   23.0449   74.3851   61.5278   72.0251
  0.015625   61.6952    30.461   41.8291   37.5519   55.4294   91.8306   30.5067   59.3357   53.4317   75.7756
  0.015625   36.8097   5.39762   91.1458   35.7188    25.695   96.6295   17.8301   88.6503   46.2852    59.604
  0.015625   39.1815   28.8443   45.6408   8.14312   36.6175   54.3676   62.2374   79.3355   61.0173    73.704
  0.015625   64.4942   9.90206   77.6321   34.9699   55.7404   55.3442   45.6372   40.7684   55.2411   69.2622
  0.015625    26.081   13.5028   22.8111   27.0328   42.4793   65.8249   51.1961   58.4013     62.65   77.4658
  0.015625   23.5131    25.887   52.1995   20.9078   16.7801   59.4403   56.0831   16.2289   31.3038    58.791
  0.015625   51.9726   19.5653   48.5194   27.8037   46.7312   72.2764   41.4828   80.4024   42.9974   57.5392
  0.015625   33.8126   23.6611   38.1881   31.8743   29.5271    56.512   23.9094   12.9714   39.4316   34.1521
  0.015625    54.244   12.3498   27.9945   43.9896   54.5054   34.7019   51.0199   67.0303   51.7197   83.3762
  0.015625   25.4675   38.7288   57.4738    20.481   25.1369   49.6039   29.0936   75.1776   41.1247   63.9072
  0.015625   56.1689   6.85284   23.9958   26.6982   45.5627   73.3272    49.387   69.7234   26.4541   37.8625
  0.015625   46.8211   34.6976   79.4905   36.9205   32.9064   67.1912    54.348   75.1254   57.2235   52.9608
  0.015625   45.8551   35.3864   82.3959   35.1827   30.2828   72.9391   48.8644   51.0674   17.7748   21.5069
  0.015625   78.4472   15.2635   70.7358   14.9682   62.9925   53.8168   53.7969   77.7943   36.1366   64.0502
  0.015625   78.8526   20.9047    73.929   16.6672    59.963   47.4912   6.40939    60.363   21.3865   42.2363
  0.015625   42.4774   22.7449   81.0254    40.929    55.942   40.1024   51.7872   52.4194   32.7594   78.0612
  0.015625   18.8721   23.7566   46.4384   33.7767   56.5046    79.643   10.2358   73.9297   58.1588   62.3496
  0.015625   63.7346   32.9556   40.8625   24.2096   52.5063   83.2095   12.6674   81.0665   69.0943   88.6639
  0.015625    76.206   12.5875   14.3634   45.6115    13.132   28.6839   26.0194   69.2229   65.3276   67.8673
  0.015625   21.3437   31.6474   60.7822    15.068   55.0342   75.7071   39.7126   28.1071    70.067   68.9824
  0.015625   62.4629   24.5749   29.1662   22.4769   15.9053   76.4204   57.3979   45.3829     30.94   68.2947
  0.015625   71.9083   37.3522   76.1672    37.201   48.4951   18.3753    38.932   80.6423   63.8804    44.077
  0.015625   66.7656    8.9521   67.3024   46.2365   32.6678   36.1757   35.6674   50.0676   53.2271   85.2883
  0.015625   68.0292   33.5657   77.0056   37.5368   38.6233   49.9639    49.405   66.7466   42.2506   72.2661
  0.015625   64.2413   16.7276   65.0671   27.7627   21.0454    53.469   59.7362   59.7919   53.8026    59.532
  0.015625   52.8342   9.25512   65.7129   39.7883   62.2774   44.7297   65.9191   60.5324   9.96577   62.8342
  0.015625   31.4761   28.3228   63.9391   25.0969    21.764   65.3784    51.732   58.3394   50.2331   12.8798
  0.015625   46.1793   38.3675   42.3306    43.196    45.207   70.2675   5.26883   44.1285   21.8797   60.5863
  0.015625   63.9881   29.6077   62.8164   23.6505   20.6211   36.6401   44.7561   31.1072   66.1812   77.9082
  0.015625    38.797     12.72   84.8097   20.1349    12.207   29.8361   44.6152   76.9991    52.949   58.3935
  0.015625   59.6257   11.0044   68.2015   27.6186   56.5777   25.5715   38.0647   57.0258   52.4013   57.6672
  0.015625   85.9912    11.771   46.8464   21.1178   38.4631   11.4876   63.4554   50.5359   33.1473   62.4628
  0.015625   16.9814   16.3288   31.3197   23.5812   56.2512   20.9264   35.5879   63.0073   23.2854   44.6812
  0.015625   72.4631   22.5482   69.4542   29.2197    51.974   30.3931   31.5354   74.4718   37.7017   27.9412
  0.015625   35.5593   26.4437   33.7438   39.3358   32.4073   91.5138   58.2172   72.3449   52.7783   56.3377
  0.015625   81.9258   30.2806   86.0165   48.0914    42.142   58.1356    32.997   82.3929     29.57   17.9404
  0.015625   61.1811   35.7466   50.9112   38.1804   26.1337   60.1575   40.0642   63.9588   38.0636   49.8097
  0.015625   70.0692   23.0071   86.6301   31.6307   53.4879   79.3515   55.3163    61.321   54.6307   74.1819
