32
   0.03125     43.86   19.7226   91.6202   12.5616    53.995   87.9145   40.5009   68.7707   39.3542   40.0311
   0.03125   77.6651   17.6962    3.2932   11.3371   50.7128   32.3653   20.3997   29.5395   32.1302    65.842
   0.03125   62.7179   26.0457   55.0543   39.4583   12.4833   81.0384   24.7927   38.7835   40.8051   64.7958
   0.03125   27.2597   31.1623   55.9234   28.6207   47.0603   16.6811   40.6505   42.5147    59.459   75.3739
   0.03125   60.9233    28.751   74.3155   25.7929   28.1176   34.2503   70.0091   33.0894   48.6418   67.4372
   0.03125   8.61832   26.2045    49.308   12.8458   11.1188   69.3281   17.1373    52.374   30.4874   15.2166
   0.03125   36.3981   33.0781   73.8118   14.1985   19.0833   51.4747   34.5342   20.0761   34.8319   48.5243
   0.03125   80.1272   33.3967   41.1415   33.1532   34.2284   65.8939   48.4729   64.8591   51.9196   65.8022
   0.03125   51.6826   27.1263   78.4815    38.735   31.1907   76.8526   53.2919   44.8077    48.991   31.8196
   0.03125   55.3504   38.0654   74.0095   13.3039   33.9911   68.3197    47.874   63.8863   16.7087   83.6202
   0.03125   63.2269    36.537   71.2714   25.5311   40.8004   64.8266   14.9732   78.1089    25.441   57.4819
   0.03125   67.5232    35.224   83.3199   26.5315   43.8329   43.6031    57.485   26.9468    47.994   30.3204
   0.03125   56.7099   17.5333   39.0473   47.2011   38.8478   22.1935   46.2084   55.0654   40.0611    79.302
   0.03125   43.5185   4.70137   66.0539   41.6724   41.7207   71.6743   52.1081   79.8602     63.62   18.5903
   0.03125   47.4544     22.63   56.5696   39.5673   64.0828   76.9749   37.7684    31.328    53.743   55.4791
   0.03125   72.1836   23.9612   71.3998   13.7204   36.9895   56.2408   29.2356   67.5824   41.5219   51.1227
   0.03125   56.4399   20.5256   60.4668   42.0067   36.7974   45.3843   51.5849   79.4665   58.2742   28.3063
   0.03125   60.6649   37.5598    11.696   40.1309   35.6594   19.0007   62.4961   66.3381   64.9427   42.2517
   0.03125   68.5365   37.1442   80.4563   24.5127   25.9994    90.518   53.8865   69.0287   42.1181   73.5296
   0.03125   70.5853   34.3591   37.0404   41.2282    34.263   62.1889   43.1708   71.3814   33.8939   43.6158
   0.03125   49.9111   29.8095   67.6701   31.0386   52.8241   13.1112   41.5181   30.2966   63.5122   35.9851
   0.03125   83.3141   33.7063   74.9788    43.533   55.1808   30.8441   11.2068   24.3008   62.4259   49.5499
   0.03125   53.4019   36.3113   56.0649   23.4097   40.9905   83.8364     45.36   56.2738   49.7441     74.72
   0.03125   19.7373   17.7608   70.6596    15.512    57.713   57.4624   58.1186   48.2561   57.8718     68.75
   0.03125    60.406   19.9426   59.2956   21.7873   22.8905    52.388   33.9941   30.0863   61.8398    77.212
   0.03125   43.1743   25.3587   62.5956   17.2932   39.7466   37.4395   23.0449   74.3851   61.5278   72.0251
   0.03125   61.6952    30.461   41.8291   37.5519   55.4294   91.8306   30.5067   59.3357   53.4317   75.7756
   0.03125   36.8097   5.39762   91.1458   35.7188    25.695   96.6295   17.8301   88.6503   46.2852    59.604
   0.03125   39.1815   28.8443   45.6408   8.14312   36.6175   54.3676   62.2374   79.3355   61.0173    73.704
   0.03125   64.4942   9.90206   77.6321   34.9699   55.7404   55.3442   45.6372   40.7684   55.2411   69.2622
   0.03125    26.081   13.5028   22.8111   27.0328   42.4793   65.8249   51.1961   58.4013     62.65   77.4658
   0.03125   23.5131    25.887   52.1995   20.9078   16.7801   59.4403   56.0831   16.2289   31.3038    58.791
