100
0.01 79.722689 48.410519 68.547892 42.213156 81.637405 57.747645 83.436156 60.937136 55.304773 71.467093 42.021314 11.23731 158.022232 29.270095 24.668967 38.034387 36.636564 91.789882 15.865398 61.172337 17.952963 93.761421 35.072581 78.879912 58.973611
0.01 72.201997 43.466537 126.372533 53.497674 90.513479 76.937651 48.478669 45.847908 66.057273 64.886209 19.657456 10.300422 113.054796 55.806859 27.941179 42.661086 51.219868 75.45737 4.730669 38.46272 23.011449 76.112443 28.560091 59.245721 53.508724
0.01 91.452586 36.734054 82.775743 24.71178 49.037546 89.988025 66.669234 110.969977 31.404852 96.548294 61.765791 23.267055 79.633942 155.32692 23.638413 41.116856 42.269238 49.221205 32.296026 40.184811 16.439122 149.62981 73.058116 89.306988 46.380448
0.01 73.353197 19.478143 72.882193 47.118787 33.146946 81.533701 53.648759 80.785332 33.900329 103.465148 12.687159 26.073652 30.059074 101.585672 22.299147 33.922377 36.58721 113.493854 9.463564 73.461598 21.086089 56.588196 62.754414 82.213535 59.533805
0.01 88.682583 29.517323 122.081831 44.709294 16.57643 79.606003 57.49183 84.653499 63.767547 90.541623 14.015887 13.671961 100.149999 98.636499 28.390532 32.19562 47.209761 109.056023 23.142561 48.830147 11.580775 78.792892 39.68452 86.953915 49.706417
0.01 57.865307 34.662701 93.243384 52.894008 16.57643 81.877251 54.300877 94.304305 97.723961 68.28955 32.911381 37.349464 53.214524 29.270095 20.967685 41.967238 18.621307 106.464362 26.411594 64.023006 13.695192 140.493651 62.020091 65.803347 54.001125
0.01 80.131095 35.881227 90.430076 41.622075 69.448403 80.754505 72.645291 84.04483 70.580249 85.265164 58.897847 29.64875 87.945294 105.820017 24.299362 32.895364 51.51173 74.28631 25.759337 88.522045 14.545219 155.14049 37.574946 60.037312 61.284058
0.01 87.290306 41.280862 115.42029 30.641827 83.689874 64.022755 45.201901 87.036849 54.496125 68.047017 44.233374 20.99881 110.129391 127.834899 25.258326 34.636337 9.753238 78.068681 13.503394 61.896827 12.951236 70.974365 48.777627 101.744148 57.893934
0.01 64.289066 36.757684 72.201951 37.82121 58.888528 66.043414 56.611761 104.762262 38.784346 64.282192 17.066834 28.877951 88.068646 57.638608 29.601351 35.245216 42.323235 140.195631 8.161597 47.8202 13.269938 77.509836 56.704338 74.696945 52.786947
0.01 68.84545 30.554992 44.018108 42.369271 46.327451 82.924245 43.61686 95.750881 54.499624 64.89384 44.448335 25.653206 83.063146 122.294941 24.455562 38.382184 50.438528 89.700974 7.63046 52.693782 17.266469 62.70227 73.960043 52.230214 57.398711
0.01 93.559667 35.532835 90.424504 31.210459 67.862111 67.055101 63.990578 76.28333 42.128282 78.715822 42.350987 35.669822 66.57551 100.836691 26.351221 40.641133 38.952432 105.927907 15.000933 55.500602 19.412854 124.31922 61.897527 63.993901 62.413741
0.01 88.600907 29.863021 80.109415 21.652812 29.598202 80.476376 31.788386 76.009368 80.297184 61.684105 44.509049 24.619779 101.836546 98.566105 21.508016 37.047302 17.411249 117.457146 21.151535 56.710383 15.651612 27.340267 37.063679 73.615351 58.264481
0.01 77.922517 8.91547 101.271139 28.691305 61.105449 85.450109 56.721981 63.112842 67.42597 77.387248 61.765791 34.226638 72.866574 102.136096 25.176748 37.375348 45.470726 86.828224 20.193655 63.384624 27.32606 76.55213 44.26077 51.809806 57.358003
0.01 58.139498 12.794781 73.381333 35.684635 64.41811 74.503089 54.479488 62.178402 55.102982 46.237725 46.341282 23.7344 83.271137 60.866248 25.902293 39.858971 25.852623 56.074476 8.471586 80.650236 4.265938 50.995663 62.060242 99.526935 47.370844
0.01 48.693712 40.051706 75.833446 46.893518 67.034698 99.598808 81.518487 47.244181 44.256414 80.523333 35.99266 11.996562 65.501991 130.065078 23.227333 39.518204 50.489032 67.97174 4.730669 30.617284 24.838987 148.79737 52.213738 81.89569 47.679669
0.01 80.486835 36.336379 45.779615 19.958406 69.071859 86.380706 66.623125 95.901482 69.114711 85.599403 33.289484 24.154743 147.290833 96.896792 27.324951 37.770425 44.832058 122.348888 30.436874 67.500916 15.985372 128.869032 57.900339 88.334298 54.526395
0.01 100.994687 25.861641 23.601429 58.15412 51.587297 101.559914 63.404086 52.509582 46.992991 111.767714 39.411966 18.728623 94.859839 63.062044 27.878767 34.133531 26.122511 159.727836 13.97419 60.918835 9.38611 133.456693 44.424362 39.695625 57.376833
0.01 43.589129 31.953434 80.566244 54.687003 46.676547 64.388713 57.148016 83.973825 37.470601 78.464875 10.661286 35.581271 98.977726 113.914619 27.062198 45.645685 30.901702 159.727836 11.920707 58.473958 18.844307 96.968976 68.458124 99.289384 53.255518
0.01 87.825014 17.825567 68.257663 43.195519 76.720974 78.340016 62.267038 54.047861 80.457304 85.465616 24.059943 25.256355 93.664222 61.266303 22.907216 36.238067 51.04014 132.026215 22.692151 43.082442 22.462525 69.480753 36.708605 74.238772 52.543584
0.01 55.354999 51.532678 112.353051 34.129274 90.513479 85.469671 78.405002 77.413399 72.820451 96.897163 39.128229 17.675216 88.341977 89.576712 23.017519 36.987277 19.178966 127.202331 17.013927 56.012961 16.931113 126.403464 51.050519 81.669549 60.538196
0.01 120.671699 18.74 91.798832 43.33597 16.57643 111.438993 53.33213 86.909304 50.818053 68.496906 39.205039 8.979613 90.022893 162.296373 29.416445 33.322939 38.562413 28.217996 17.88279 51.483533 22.895469 61.635775 57.880065 68.39181 64.121443
0.01 27.562364 31.617111 23.506487 40.850297 66.708765 97.978353 66.892846 61.445454 59.056194 104.366585 52.573057 10.832862 81.143492 156.325909 33.002873 43.193961 35.603951 121.254976 32.296026 70.811338 14.619558 140.471295 27.437749 92.288311 46.671177
0.01 57.055329 15.831242 133.193096 36.789881 67.958185 64.04563 73.495197 95.513519 81.012714 45.537298 26.591136 19.644995 54.537005 32.021075 27.94482 41.765394 26.937469 87.706425 32.296026 77.445082 22.124402 97.16655 81.903418 65.882918 51.106608
0.01 68.880211 48.264683 117.485591 44.401751 59.089821 79.710161 29.07685 71.642635 80.570103 58.764336 34.26635 32.792937 54.600382 162.296373 25.644123 42.795374 18.566286 87.863308 25.165113 68.338501 21.009399 79.149293 59.975012 93.776971 53.309836
0.01 83.688005 19.731478 122.245106 30.993233 90.513479 98.779235 55.190518 66.20315 65.867622 48.216676 24.581428 30.313267 132.590571 123.970304 23.758501 38.00887 25.133059 97.018491 4.730669 74.122569 17.267826 96.76738 36.54228 101.097847 54.605353
0.01 93.35668 34.087354 60.889565 39.402523 16.57643 105.017065 39.301195 50.410213 52.005756 92.983091 55.714396 23.12262 117.032844 41.722382 25.253926 44.263926 16.403227 28.217996 6.439838 64.623695 17.366397 85.864353 48.714255 56.491578 55.98001
0.01 46.602821 15.389871 72.315265 31.723427 54.55389 81.043897 62.512348 79.235912 66.324711 85.962809 54.016394 9.739206 101.787964 60.372469 24.782083 36.587122 47.886409 95.10792 32.296026 56.51296 19.759702 96.896404 46.480444 81.881023 51.879414
0.01 88.3775 23.07574 83.72652 49.828047 68.970524 81.079852 32.211115 75.879279 53.866077 82.11541 11.458907 27.892981 78.249165 97.718191 32.936767 44.528873 35.798414 28.217996 15.395491 57.326519 18.970201 88.70206 31.653591 82.137288 52.574314
0.01 91.538454 20.939702 98.101356 38.551836 45.009987 86.165265 71.628802 61.836132 57.899051 64.297316 36.031416 28.670553 84.267838 125.41474 34.479577 37.86933 29.169713 79.239875 11.632973 50.815582 15.941678 134.82367 58.951275 75.849253 54.862083
0.01 60.200044 36.953818 61.159249 21.68022 77.124199 72.304858 41.581847 90.612744 43.040996 85.790484 33.341524 31.926278 112.150679 78.718037 23.232048 37.309179 9.753238 66.348774 4.730669 59.889847 13.600011 77.115459 50.161234 124.76311 55.148358
0.01 97.119471 28.596238 91.80174 37.109128 53.064478 98.707197 76.880662 82.833056 40.717666 62.051197 41.398615 27.962971 141.680709 110.466531 29.00065 34.764796 21.655981 98.76269 14.170562 73.120592 16.321087 96.03346 57.58749 113.980239 60.361809
0.01 120.671699 48.193749 23.670742 45.960209 32.217376 73.575783 53.667687 59.945961 59.870714 72.280222 46.034782 35.277979 95.676225 117.543533 28.403913 39.412209 48.046483 28.217996 5.716121 54.322011 16.264687 155.14049 32.15202 65.410198 59.450869
0.01 53.139397 27.900681 54.113957 19.734734 84.556378 63.44994 75.561022 100.186881 55.65068 78.105413 31.07192 25.933947 75.855635 62.610936 28.469947 30.298943 53.050498 92.699598 15.681639 59.385605 18.660057 54.035968 69.985185 73.678899 57.301468
0.01 90.542989 17.3541 55.448044 31.769349 26.32454 51.58258 65.929732 63.159102 79.337261 44.222876 61.765791 25.07735 101.757318 92.265795 25.317631 34.376016 34.414021 109.922966 15.439729 36.275349 17.481913 75.530583 52.729202 91.033588 68.426204
0.01 53.534375 22.937064 23.670742 29.128465 81.79309 77.688753 57.734921 47.048164 84.900275 45.939112 37.420501 30.056736 78.067463 72.759034 24.327832 39.978546 28.251486 138.91075 27.396389 72.059161 14.447286 49.325008 74.076372 68.103345 62.008127
0.01 94.090339 41.362739 49.201152 41.99059 62.938749 97.605237 40.053709 66.814379 45.99046 63.107719 50.281498 27.035256 106.432211 109.158447 27.894245 31.692363 29.947853 65.08797 17.991917 44.038692 16.154664 145.879642 47.768168 44.604186 55.289868
0.01 74.20016 44.277585 128.619875 45.799764 16.963827 48.224826 63.878882 105.505209 46.411581 55.252012 12.933578 31.803592 47.75217 82.815481 24.407237 38.183405 41.990791 89.647494 12.145561 59.217125 20.916553 127.348147 79.230332 54.56292 56.865857
0.01 74.944432 38.086813 76.552211 44.875695 45.166672 75.540127 68.443201 70.943326 54.227611 72.70454 40.065565 22.679786 100.930654 134.195644 22.353739 38.263841 35.158692 101.345065 14.118737 60.111519 18.180431 61.442084 58.303124 86.286322 59.019873
0.01 56.582374 25.124704 30.251461 36.155245 39.382475 75.456246 54.746093 98.161395 53.627803 90.370979 49.694254 14.039105 80.257583 107.306674 24.17117 32.440648 30.842133 81.366603 32.296026 61.379558 19.838227 36.435609 53.995487 66.291585 56.27816
0.01 74.494277 37.707383 72.309 38.137624 65.111975 74.127335 67.236665 98.021201 54.58186 86.014585 15.673171 37.349464 74.699687 101.192713 28.410406 43.931371 28.355085 89.540978 19.280878 48.446452 15.80761 105.452625 42.4468 57.404264 44.332267
0.01 67.11641 22.398943 50.798058 56.103944 71.549879 52.923188 79.111475 64.905105 67.297792 87.083085 43.495182 19.65947 73.891889 95.588037 27.223965 35.151661 52.778009 88.165989 22.006509 67.334561 25.485141 126.902065 51.518297 48.223324 58.678676
0.01 64.60198 27.473977 97.457892 48.736827 78.435959 86.263971 57.898799 63.729472 57.52529 73.819017 19.924195 19.275972 77.621538 119.705672 32.907077 42.53025 25.538586 75.36147 19.707202 60.66015 11.094308 123.325592 56.836457 83.885644 59.246997
0.01 94.310548 26.479973 84.658204 46.01445 54.30399 78.975473 74.797735 54.76432 42.02874 111.794577 22.959668 12.875116 135.217938 118.947109 29.697643 30.758079 35.156912 159.727836 15.421673 59.994916 11.395665 109.670544 87.666732 64.465386 49.810267
0.01 53.411278 41.314704 119.372775 35.754594 41.249593 89.5566 59.367489 57.053739 53.833011 74.83407 38.757367 35.95254 101.659668 100.089849 24.747629 32.608045 34.244291 117.822896 32.296026 62.121857 11.949431 100.393508 74.29957 73.063945 54.653342
0.01 84.240692 23.714821 78.308466 34.366342 60.588644 76.281407 63.525097 54.445413 80.355494 77.615615 17.999617 21.811634 97.028547 116.800124 25.152096 30.785558 39.135955 87.387322 28.950099 48.237141 14.417187 67.061329 71.591255 62.597205 56.938332
0.01 70.285922 32.677897 104.464895 44.905541 16.57643 67.740889 68.891069 44.210021 49.21949 79.508656 24.977605 19.928342 81.843148 110.53039 20.742354 38.409626 49.888855 115.41643 17.170453 67.087049 25.989483 75.790608 72.06513 55.948187 54.22892
0.01 62.48527 17.010029 57.875059 53.227742 69.256938 62.506165 73.365596 52.083297 57.994863 84.071819 28.929758 19.309191 86.722415 70.583651 24.589809 29.384604 22.796063 158.168241 4.730669 52.949447 21.235904 70.727262 62.314692 71.560799 57.983725
0.01 88.63368 17.119938 84.856538 44.165486 36.469023 109.367576 59.001245 68.796908 39.684834 51.477711 38.490202 37.349464 55.964466 85.815527 28.914006 35.758071 20.394416 87.440723 29.067075 48.235843 20.711822 140.949353 51.333489 67.878731 59.409115
0.01 96.289154 8.91547 93.196329 48.47042 90.513479 74.685202 53.115107 89.881133 55.100262 73.909308 61.765791 18.152826 59.923301 144.95093 27.52253 43.744122 11.325436 111.765687 16.765323 45.391078 17.713135 121.37044 65.345899 67.965696 62.909672
0.01 60.280283 36.269582 95.481833 31.740393 60.584748 97.335536 57.348157 74.06147 52.30285 78.013756 24.356929 23.114602 83.100222 162.296373 36.52221 44.664092 25.762562 106.3631 19.726592 54.103243 20.285547 132.509592 59.846641 48.648166 59.036593
0.01 93.624257 20.87865 119.497319 12.699727 73.936581 70.925103 67.928834 75.281569 55.780871 41.07384 61.765791 37.349464 73.848095 94.578519 27.853612 39.992085 39.199031 159.727836 32.296026 62.603298 18.620801 109.476764 39.669393 85.561287 63.05098
0.01 61.520416 33.800255 48.256042 43.924047 77.604848 94.056085 70.809242 43.66667 38.952668 79.409605 28.143661 30.730623 138.393756 158.708055 21.69163 29.745951 39.754653 91.567805 30.286003 37.911136 15.452 88.08185 54.076861 64.06596 49.950189
0.01 45.911651 39.590517 57.690452 40.91122 38.463493 64.37887 40.142532 53.08445 58.216473 54.864033 37.419104 24.003585 115.965598 45.667413 27.218758 33.974396 41.813888 40.085772 26.411133 69.104013 18.454053 95.75767 44.320187 61.98912 52.555364
0.01 53.367231 29.484475 100.522769 50.254679 47.600012 86.289743 72.520001 62.537763 64.148942 58.019411 61.765791 18.0537 38.338223 155.374613 27.877192 34.347877 31.320691 159.727836 28.179133 40.584864 17.153907 116.259266 20.290801 74.994272 53.056357
0.01 81.935143 23.873611 62.788789 16.896398 20.881459 66.581138 30.694918 89.36134 49.601844 82.904994 61.765791 21.355824 90.949642 43.235664 28.511311 36.204246 48.757415 28.217996 7.888752 71.344301 22.658773 92.881973 51.457838 96.499591 45.361305
0.01 85.155657 32.584957 23.670742 39.749253 52.684931 77.423343 66.962506 41.136159 44.82945 87.953075 61.765791 29.210459 67.880676 151.946286 31.933531 29.649172 43.548802 40.921419 17.374137 55.783316 20.468789 67.786752 61.633644 86.959168 55.239574
0.01 56.065577 46.469251 66.946921 46.94334 22.77031 106.003693 49.078302 62.837066 79.882943 49.014698 59.843757 25.322213 76.603633 146.428901 23.693067 37.177553 55.608749 112.537078 12.883962 65.894018 22.62013 82.897237 53.146736 89.051262 47.302075
0.01 54.955427 19.217757 45.836971 27.800859 73.626184 89.748268 53.940687 58.670122 74.044152 107.969566 61.765791 13.479448 133.114209 162.296373 22.93989 40.722199 19.568623 159.727836 18.701795 52.692051 24.091703 31.056352 66.933856 64.987803 55.548402
0.01 85.18409 24.053461 57.92013 37.270375 34.276595 75.827362 54.917915 92.581724 67.215597 80.976558 42.519234 35.29234 69.541685 109.66997 24.385373 29.719218 27.419593 72.731183 31.466612 60.262365 13.579822 123.007548 24.651342 101.347771 59.53915
0.01 60.767823 20.015334 49.284489 26.510351 16.57643 69.561707 56.471618 86.596672 66.457704 48.426693 25.584989 25.714205 90.804904 98.019398 28.12265 31.089974 24.490075 90.956316 16.502282 67.781787 17.943665 145.851725 55.44342 77.193917 52.27733
0.01 73.977293 52.923576 91.002435 24.60646 90.513479 44.766145 69.303568 25.912627 29.9644 89.070592 10.661286 19.908256 102.214377 73.433321 22.55931 35.552189 34.537796 125.689131 7.318647 54.576893 21.015132 106.464328 37.501173 78.297114 51.390929
0.01 54.006046 39.60005 90.235633 42.673239 90.513479 61.193261 49.421755 87.033134 71.648893 60.013225 10.661286 29.683051 117.034955 101.536859 27.913754 39.183871 35.942475 148.518392 25.168882 73.913418 10.455956 34.532469 66.77703 87.057712 50.775861
0.01 53.042148 20.792996 88.197425 32.123731 48.960127 73.606251 61.744986 57.191761 55.85324 112.487762 30.415748 37.386971 126.752128 135.65978 22.640754 42.740818 30.628027 110.768899 4.730669 61.629358 19.998445 97.206802 43.491178 80.298768 54.436384
0.01 85.021211 20.626483 123.404263 45.790066 57.609829 97.457211 50.781033 78.21026 49.655265 95.331419 35.637871 6.114038 75.066835 53.833417 32.346414 37.415515 33.669276 80.145419 15.522749 60.839123 22.307296 127.216133 59.76179 68.77027 59.760547
0.01 80.488016 22.855195 23.670742 41.236568 20.202276 85.884857 58.86798 64.389149 45.633555 77.547161 33.461234 22.309867 120.557268 81.847287 23.832198 31.134894 39.42422 104.991637 6.08446 82.197607 14.791698 126.687287 63.91677 74.725886 47.785035
0.01 59.779609 17.837193 133.193096 40.453228 38.551586 74.575692 72.524698 32.902994 58.091338 55.091266 41.33911 37.349464 93.067002 125.775352 26.838592 35.014318 17.319517 40.397367 19.289984 51.656447 17.8377 42.654454 78.399174 86.855865 64.064861
0.01 102.177455 21.227152 49.464003 59.202121 27.810186 101.303255 50.716599 57.118241 55.712104 59.231719 14.418312 21.120292 117.042331 97.419235 27.579597 32.881997 13.838958 81.019275 19.976428 82.128657 21.601735 85.198467 43.256491 65.558024 51.986939
0.01 61.566579 26.494494 90.393367 41.153468 30.513783 91.707695 72.124318 41.014265 49.454634 68.905735 36.889288 34.115404 74.432924 81.13431 24.594501 45.13876 53.022443 159.727836 14.912337 74.179159 19.333209 57.227302 48.755638 83.929369 59.837914
0.01 85.078674 20.169051 47.658327 35.790658 58.234793 80.102548 37.715668 56.385355 73.06358 69.082623 10.661286 13.961719 95.012347 162.296373 30.610675 38.984027 32.098792 111.400906 23.135928 60.677148 15.767214 139.561637 40.650078 83.915986 56.202512
0.01 64.519724 41.793557 113.879074 37.29188 35.617651 69.967752 58.788634 36.427002 47.725409 53.923396 61.765791 18.611381 103.5453 29.270095 24.642013 42.429731 33.269966 68.4117 30.291389 52.75697 19.095627 153.732766 59.552155 92.952033 50.13629
0.01 80.720977 24.644907 50.664478 42.366934 42.557245 67.348457 39.364112 45.203461 61.931957 70.609022 17.64591 14.453358 54.808301 114.219438 34.018264 37.25331 27.963099 71.529816 11.198969 67.542194 18.7364 73.166238 34.20432 88.287957 47.115446
0.01 62.855233 12.771676 78.274972 25.161167 52.312304 90.830157 38.074049 67.278712 30.779325 71.864852 49.10568 33.67641 104.364937 55.966201 23.203131 36.060995 9.753238 79.916688 13.791629 56.078749 20.259437 107.013404 72.089962 75.75049 60.861121
0.01 52.370991 38.129794 79.569883 46.752489 54.534145 76.326223 50.14703 79.823316 35.447516 48.926764 47.006706 14.018168 96.043763 121.84559 29.683017 37.781518 37.46952 128.576941 12.375708 39.937937 15.430315 92.838552 35.60816 65.686461 58.453622
0.01 70.698726 19.60769 55.940756 46.512046 63.758782 83.190123 59.191858 78.816215 51.102626 83.543817 43.30262 31.83269 95.404281 162.296373 27.629725 35.898969 35.808114 50.864901 27.773068 61.088278 17.197483 88.128156 56.636519 34.303458 53.743461
0.01 74.632104 40.476621 37.98419 20.715381 78.781656 79.835099 65.464063 66.622479 67.579355 65.36928 34.532393 16.683192 109.440751 76.23716 25.63541 39.135712 45.436891 75.163345 27.992927 60.2937 21.005658 46.006844 59.117363 124.76311 62.173877
0.01 40.84451 36.255704 45.593522 64.044898 36.426508 90.493365 70.884726 56.785297 82.83853 99.114659 55.155471 24.704533 108.00405 162.296373 29.656948 38.107954 17.187771 60.677573 17.106349 54.154796 13.611063 126.528603 59.249238 79.824536 65.32905
0.01 70.045389 36.400784 76.03976 25.323841 47.153046 87.447759 82.775486 72.672762 85.460653 55.691565 51.63714 30.007444 137.940283 162.296373 25.94064 34.187874 29.846708 109.208473 11.860846 46.207543 10.596517 90.130466 71.451192 57.076964 56.281157
0.01 60.738644 27.627824 84.426326 41.181542 59.827114 77.048623 97.297174 82.153846 86.67177 85.143014 37.133645 21.626352 135.082328 40.615782 25.897778 38.144746 39.325109 103.000961 27.684906 47.911408 13.419454 78.615621 48.286743 69.613658 59.190781
0.01 71.82464 25.959535 106.783712 28.820305 89.462945 82.57766 37.087617 57.275163 76.433843 62.691648 10.661286 33.545235 84.228741 73.731717 29.245867 43.939143 41.680899 110.898255 32.296026 23.757362 22.548413 100.606986 58.311581 78.559354 61.897974
0.01 44.769788 33.141399 85.671414 39.69351 50.189682 87.657641 52.179392 60.781841 57.140003 34.482454 10.661286 27.746874 108.638303 57.188047 28.428442 48.365709 24.106401 141.609483 25.642638 48.558195 14.019496 29.396321 27.331506 84.527692 61.36469
0.01 89.471816 43.004024 31.833659 39.347721 32.817608 106.688142 24.801356 82.726627 62.932688 92.930398 58.758609 6.114038 70.990771 56.850449 30.060282 42.070653 31.268445 36.200287 15.920587 40.911846 12.662933 33.984742 34.918566 63.989666 55.061655
0.01 79.598099 37.959636 97.693547 30.753192 51.18979 92.559192 61.306118 70.150642 68.970286 40.126431 59.169671 9.112699 103.968261 54.086948 27.122091 35.808216 55.608749 42.500119 31.583124 66.368684 20.096645 69.966014 55.203451 89.358679 66.60664
0.01 55.75998 46.651443 114.895936 41.45295 16.57643 53.386609 30.316463 68.556147 51.546666 100.045712 40.620056 19.270374 67.649858 96.753111 29.268967 33.86447 35.076185 28.217996 19.67044 51.639145 10.947614 136.053756 70.345222 22.782416 50.414297
0.01 62.836945 39.35026 29.449505 36.320703 53.235478 79.553547 67.470376 72.274202 39.931026 91.156687 26.961604 20.435285 40.92001 38.827957 23.528569 40.066654 27.512282 114.828305 24.574058 55.11827 15.007352 73.780757 44.344771 64.302343 58.894602
0.01 81.394206 54.155334 30.684309 41.995581 30.31885 73.397252 71.763816 59.127859 54.835226 47.413777 61.765791 23.090951 120.565614 100.812268 33.209695 35.43168 14.50666 147.16792 8.673784 65.739477 20.359472 124.882416 42.180075 41.883202 61.426292
0.01 91.876475 33.905059 98.181539 37.390683 37.167953 90.356672 79.736059 24.487798 74.373056 98.775546 14.714382 29.061734 83.849569 111.497033 29.824807 38.17419 38.506518 74.937952 26.321759 59.747403 12.789517 144.379799 67.791507 48.337934 55.054622
0.01 24.869092 27.079897 96.532541 17.302132 71.741217 74.263742 38.450752 113.473154 56.444836 64.541913 28.792052 36.949713 81.862617 162.296373 24.81907 38.749004 26.141276 30.419764 26.671211 58.759232 15.031705 124.586286 64.073579 45.368269 53.691362
0.01 98.471891 39.431746 85.532385 51.770253 44.32094 97.616549 57.330513 65.203188 27.511663 63.850998 33.172669 16.795019 89.055539 116.157334 28.681573 35.90625 23.036882 117.899608 26.210649 64.946143 16.863248 88.202361 64.884131 74.70367 65.490334
0.01 44.695425 20.453179 116.087833 34.701761 33.169199 89.33596 24.698297 36.021974 77.693876 68.906968 61.765791 19.352209 140.355487 54.117443 20.896366 45.636914 17.42427 57.830477 20.815235 61.029141 20.803329 27.340267 76.53211 83.853761 61.390143
0.01 39.560464 47.763226 38.923728 33.889243 90.513479 77.630956 76.485055 49.26256 44.455643 72.440276 42.466623 6.114038 67.437021 117.994004 28.398896 38.205693 24.067061 137.979906 19.334441 60.011025 15.720952 87.660172 28.30253 76.69508 51.140064
0.01 82.64715 33.281657 71.624479 58.240184 22.389178 73.603134 50.883871 65.456644 44.673339 86.66552 25.747876 8.442132 69.464594 92.301911 29.888802 36.712247 34.06002 65.977474 27.612947 40.504931 24.271022 95.681278 21.628609 91.696601 57.34247
0.01 52.533645 41.291265 59.581578 59.683419 49.071947 83.187629 64.097568 69.581986 42.199207 101.545138 14.443043 17.25796 105.220201 122.263947 25.66831 49.358006 29.103092 77.594774 25.351717 45.242191 22.526423 101.147728 52.94125 84.273062 61.457629
0.01 41.657909 30.736344 79.461907 54.862131 32.127535 73.988045 33.962844 92.740645 36.32296 60.334198 52.396332 24.894408 78.102566 42.956599 26.083609 37.553696 51.510635 159.727836 15.222261 74.768732 20.022952 83.172789 68.533658 81.666372 49.757737
0.01 96.679153 31.976361 71.893117 62.634419 71.053878 75.960048 55.9967 62.81422 43.401915 72.711677 29.586645 23.786851 130.70597 119.170642 28.840742 35.943375 30.904217 76.080326 17.74047 53.994469 13.079508 104.694494 30.907041 70.305104 50.651468
0.01 58.391307 25.546664 88.79953 51.1163 48.583425 83.552631 64.652925 67.02895 44.30541 68.462915 31.264984 31.195615 117.23815 109.213371 30.145865 33.438086 43.604011 38.196895 8.992923 65.165685 13.887352 61.963676 54.977542 86.22344 58.904097
0.01 60.406601 35.857353 55.568309 24.747515 39.028915 89.122278 56.900977 84.184886 75.260732 73.677861 36.57221 34.517518 122.011444 129.49138 31.200851 39.515643 31.735628 74.284689 20.127982 61.413771 13.869082 109.393001 57.208357 103.10774 55.923814
0.01 60.397557 29.722078 81.337646 36.513016 16.57643 65.762079 73.679445 46.854369 70.500827 58.834324 50.102737 25.842638 112.7101 118.409654 27.841643 35.33169 22.291646 114.274755 17.540116 69.413179 10.598009 56.44823 38.22108 49.664197 60.41687
0.01 79.842663 34.420768 74.586597 28.873366 72.822461 69.836495 61.59454 62.505023 47.68444 65.662359 51.245982 15.275647 71.947398 88.329455 31.404095 45.831565 46.070298 81.644643 18.165784 43.457271 16.673665 104.710715 35.935995 74.73648 44.243009
0.01 80.209666 37.367594 81.346033 68.226995 84.616274 83.99948 40.566985 54.758167 59.558357 49.221104 39.016721 19.563328 55.680551 46.219217 33.211938 39.145104 29.74845 65.513713 12.511267 84.250092 15.036232 114.910622 47.393928 75.315553 50.541493
0.01 55.30121 50.336888 102.937301 41.750321 68.165316 78.180578 61.380586 51.912701 60.746585 69.102705 28.17828 16.204915 128.782168 82.155785 27.573078 42.785615 21.510013 75.802836 7.964123 69.214409 16.669122 35.609117 44.072831 72.605883 57.26065
