32
0.03125 47.5612  10.6304  63.4905  31.7147  47.4266  95.2474  34.8014  54.3299  4.09596  83.3474  34.5822  20.4608  74.597  48.6365  23.5939  34.7841  39.3888  63.6562  16.3576  37.5749  15.4992  107.366  39.2946  72.7674  54.8919
0.03125 54.7031  39.0219  68.5544  16.182  52.8575  42.7491  50.9654  40.1304  48.1958  62.4846  22.3249  18.3605  105.869  69.4055  7.54619  34.4687  35.2299  75.5637  18.2042  60.6314  18.1486  76.2352  27.5817  85.9059  4.39685
0.03125 48.5027  24.9999  76.4311  35.025  56.3738  50.7315  14.706  35.4042  54.1354  38.8525  13.4815  1.54358  88.5797  59.2804  8.47063  27.4735  26.949  24.3688  15.9605  40.576  15.4457  78.9937  41.2194  66.6471  32.1453
0.03125 64.5123  31.4787  52.6839  39.6225  33.5674  23.5644  58.4042  57.8127  13.2721  37.2391  22.2517  14.7266  31.0085  26.4782  9.40578  33.9424  28.002  76.0564  21.451  54.1072  14.8555  83.0333  33.9446  44.7659  50.4878
0.03125 70.3205  25.8462  36.5155  34.8414  12.6214  93.4608  64.4492  70.3484  52.8956  42.1366  23.9741  17.1508  94.12  33.4364  26.0654  38.8538  37.1646  70.0951  4.20654  53.7784  17.6405  45.7958  52.5183  78.063  57.9861
0.03125 71.196  28.4942  92.8115  24.8918  49.4296  65.8114  11.1926  52.0306  37.445  18.4417  23.5596  16.302  37.1451  78.7233  23.4324  17.3286  22.0926  95.0584  7.61891  21.1851  11.3704  74.2734  23.9952  37.8766  34.9652
0.03125 75.1297  26.1922  55.4935  40.8393  39.2014  32.0666  46.5745  73.129  46.7  58.3061  10.3183  19.2793  95.8009  89.6124  20.0409  39.2463  29.8287  104.859  1.36551  18.7999  10.8032  60.8117  15.6089  43.9358  50.1216
0.03125 42.5533  21.2547  39.5472  31.609  56.767  84.0914  17.7427  47.4536  58.091  62.1799  28.7357  18.0459  81.3992  82.9931  7.93595  20.3924  23.6623  81.5929  16.6669  60.6997  4.74659  77.5219  50.821  46.3527  31.9589
0.03125 50.3382  24.1403  57.2879  39.1336  14.2244  27.4376  34.3707  56.6228  26.1153  55.0189  13.2598  8.7367  63.2481  52.9951  16.9083  15.8585  40.553  83.1098  10.8123  51.1918  6.05929  78.8863  53.4183  57.4677  59.7353
0.03125 32.8463  15.7888  86.9956  7.17611  28.9483  58.1328  42.5773  40.5213  47.3331  87.8562  18.6728  12.251  39.3138  38.3061  26.4614  31.4239  23.2006  60.4493  6.34827  25.9815  15.9652  55.9307  56.6608  46.9473  30.843
0.03125 58.0328  25.2352  26.8437  25.3105  43.5952  64.2012  28.8995  78.5032  37.5573  56.1126  9.14143  15.812  59.0539  73.2219  15.3992  39.5005  21.3596  78.2135  8.9496  59.6178  13.8439  74.7486  31.1503  63.8965  18.9088
0.03125 62.0917  13.0593  81.6399  37.9316  62.7793  67.5636  40.8622  88.6311  55.7019  41.8928  31.7395  26.6866  47.8735  17.6248  19.448  21.213  15.3028  98.6877  20.3454  26.1243  20.4933  101.631  32.8392  59.5576  49.2131
0.03125 66.956  28.2459  61.2201  44.5614  54.0618  69.9293  64.6242  34.8071  43.6511  69.3691  30.9019  13.2035  9.93096  106.777  13.4926  38.6008  25.7715  73.0346  22.1289  57.0468  15.835  57.7335  31.5545  23.4732  29.1488
0.03125 58.8511  7.57009  63.1839  33.8016  41.0417  57.5395  47.3301  76.7155  41.1886  34.9363  8.15444  11.2457  71.5418  77.6366  26.6856  18.256  31.8851  53.0571  19.6638  55.9856  8.42174  49.7312  48.416  72.7972  46.2053
0.03125 24.4035  24.6317  46.649  41.3619  46.2223  25.0592  31.9615  64.7021  52.3429  59.3043  27.6674  19.5687  83.7687  39.9564  23.2272  32.6643  2.291  13.6936  15.4288  57.9698  20.2134  40.9714  25.5048  75.7875  64.1449
0.03125 59.6653  26.8408  87.738  42.9829  52.2352  41.0193  52.3377  55.0336  58.8006  72.2355  26.9631  20.593  57.6833  74.4594  12.8355  24.0227  17.5234  46.7315  3.36075  59.5765  10.2333  107.8  46.8416  55.099  51.3099
0.03125 84.4037  14.045  92.0618  22.1057  52.4164  52.3936  38.6895  82.0201  50.5586  89.7327  15.0736  23.8418  65.4504  108.998  13.6953  24.565  27.5075  84.3114  17.7401  61.3415  19.0045  67.8477  31.2269  73.798  40.4022
0.03125 38.0522  21.0224  5.40382  13.759  42.8158  29.7879  41.4994  71.652  35.7822  71.2162  21.9474  21.2718  53.7618  99.0048  31.6044  7.35345  29.3132  41.8696  13.2205  46.9042  13.3634  100.733  30.7861  68.102  26.238
0.03125 66.1367  19.4146  46.4782  43.2287  35.2579  80.1263  49.2818  36.7467  55.0261  69.7663  24.8669  19.525  102.667  86.9317  32.7307  37.8725  26.2371  65.967  10.2106  63.5705  14.6855  110.901  46.9787  47.4624  39.3608
0.03125 28.1672  37.369  29.9746  9.36003  48.1026  70.2905  69.5066  72.2422  53.0507  39.587  39.9332  13.5924  95.7265  70.501  21.0234  15.7272  33.3771  88.9785  9.85336  46.2046  17.3809  85.6951  33.6774  52.0882  58.3323
0.03125 72.1073  13.7546  25.227  35.4209  26.7931  7.48213  20.5565  49.9205  70.0029  47.0624  34.1425  10.6723  77.8489  92.2631  26.037  27.6401  36.9429  26.9639  22.2778  41.4816  13.5914  82.3373  34.5778  27.5977  52.5203
0.03125 22.2042  30.2253  74.2625  43.2484  11.7071  87.6846  40.9231  63.1744  63.7369  60.4435  36.8546  13.1276  34.4667  82.0094  5.60649  35.9507  25.1438  36.3233  18.381  31.0459  19.8858  58.0944  46.2156  63.6589  21.3024
0.03125 83.0537  27.0031  68.0164  36.6726  21.165  88.4187  26.8475  31.1593  63.3763  55.7616  28.4433  9.13959  56.8826  99.1032  26.5511  36.3923  23.4708  94.0636  11.4418  17.6436  12.2175  94.6507  28.8776  88.9546  47.2046
0.03125 29.8287  36.2702  65.9604  21.7293  57.7168  71.6675  24.774  43.5383  32.9885  4.0076  19.8071  25.0044  54.8982  83.9321  28.9965  37.8113  14.339  70.5319  11.2182  41.136  11.0678  65.8249  59.2678  73.9261  38.1053
0.03125 12.5892  30.7191  76.6552  15.7137  28.8869  77.1096  56.8024  60.2226  61.4935  58.722  16.5857  6.7591  87.9534  48.6667  27.4549  32.0079  24.9511  68.1813  19.455  30.0586  11.8909  108.464  49.6921  32.5952  21.7049
0.03125 56.3809  20.0062  89.1691  25.7561  48.5938  20.1277  36.6792  39.1125  39.3876  63.3966  31.8331  22.1054  82.1729  61.8762  31.5248  25.6358  10.3922  67.9378  15.9212  58.5866  3.57869  67.9103  43.0036  82.3857  33.5101
0.03125 61.2848  25.76  56.7037  30.1523  58.9288  48.8534  35.391  42.4011  49.4028  22.2105  40.8322  15.5227  84.7783  54.6375  21.3313  45.5019  16.456  44.3608  5.47959  47.7254  7.30215  96.5507  63.7087  49.3098  36.2709
0.03125 45.6234  32.1352  60.0211  19.275  37.1268  64.8923  37.1392  83.8279  59.9624  76.4009  32.6459  26.4176  100.206  11.4689  16.7486  32.8359  31.4763  57.7889  18.522  32.0162  7.85514  60.2158  35.3485  8.32087  37.0867
0.03125 19.6746  29.8272  36.8098  32.428  36.2869  48.5499  13.4867  63.6541  34.4761  75.9366  38.192  5.05786  31.783  68.1992  15.7707  19.7063  19.549  105.305  13.5809  66.895  14.6261  98.5632  59.8127  67.1584  56.1782
0.03125 41.4776  18.6666  56.0378  35.5431  28.0692  94.246  60.0214  44.3701  14.9411  25.7136  22.9359  17.5718  91.9099  41.5042  15.3526  37.1333  7.08081  34.4471  16.7449  63.0102  3.90919  93.548  20.5208  27.4218  58.9435
0.03125 86.3514  1.75565  51.1643  27.2703  42.0289  89.73  36.105  69.8475  50.8226  51.4462  44.2472  11.6783  72.8435  64.1197  15.6575  42.1186  22.6342  59.8338  14.3505  58.0226  9.83802  72.9899  28.0657  74.3214  44.3391
0.03125 65.3227  30.3924  84.0517  27.4561  53.2155  51.2622  44.8178  23.457  32.8432  50.4096  36.5224  16.6286  74.3537  58.6172  27.6083  25.5511  31.5189  29.3901  22.6753  12.6901  8.82673  30.2031  15.3207  70.0879  45.9816
