64
0.015625 47.5612  10.6304  63.4905  31.7147  47.4266  95.2474  34.8014  54.3299  4.09596  83.3474  34.5822  20.4608  74.597  48.6365  23.5939  34.7841  39.3888  63.6562  16.3576  37.5749  15.4992  107.366  39.2946  72.7674  54.8919
0.015625 54.7031  39.0219  68.5544  16.182  52.8575  42.7491  50.9654  40.1304  48.1958  62.4846  22.3249  18.3605  105.869  69.4055  7.54619  34.4687  35.2299  75.5637  18.2042  60.6314  18.1486  76.2352  27.5817  85.9059  4.39685
0.015625 48.5027  24.9999  76.4311  35.025  56.3738  50.7315  14.706  35.4042  54.1354  38.8525  13.4815  1.54358  88.5797  59.2804  8.47063  27.4735  26.949  24.3688  15.9605  40.576  15.4457  78.9937  41.2194  66.6471  32.1453
0.015625 64.5123  31.4787  52.6839  39.6225  33.5674  23.5644  58.4042  57.8127  13.2721  37.2391  22.2517  14.7266  31.0085  26.4782  9.40578  33.9424  28.002  76.0564  21.451  54.1072  14.8555  83.0333  33.9446  44.7659  50.4878
0.015625 70.3205  25.8462  36.5155  34.8414  12.6214  93.4608  64.4492  70.3484  52.8956  42.1366  23.9741  17.1508  94.12  33.4364  26.0654  38.8538  37.1646  70.0951  4.20654  53.7784  17.6405  45.7958  52.5183  78.063  57.9861
0.015625 71.196  28.4942  92.8115  24.8918  49.4296  65.8114  11.1926  52.0306  37.445  18.4417  23.5596  16.302  37.1451  78.7233  23.4324  17.3286  22.0926  95.0584  7.61891  21.1851  11.3704  74.2734  23.9952  37.8766  34.9652
0.015625 75.1297  26.1922  55.4935  40.8393  39.2014  32.0666  46.5745  73.129  46.7  58.3061  10.3183  19.2793  95.8009  89.6124  20.0409  39.2463  29.8287  104.859  1.36551  18.7999  10.8032  60.8117  15.6089  43.9358  50.1216
0.015625 42.5533  21.2547  39.5472  31.609  56.767  84.0914  17.7427  47.4536  58.091  62.1799  28.7357  18.0459  81.3992  82.9931  7.93595  20.3924  23.6623  81.5929  16.6669  60.6997  4.74659  77.5219  50.821  46.3527  31.9589
0.015625 50.3382  24.1403  57.2879  39.1336  14.2244  27.4376  34.3707  56.6228  26.1153  55.0189  13.2598  8.7367  63.2481  52.9951  16.9083  15.8585  40.553  83.1098  10.8123  51.1918  6.05929  78.8863  53.4183  57.4677  59.7353
0.015625 32.8463  15.7888  86.9956  7.17611  28.9483  58.1328  42.5773  40.5213  47.3331  87.8562  18.6728  12.251  39.3138  38.3061  26.4614  31.4239  23.2006  60.4493  6.34827  25.9815  15.9652  55.9307  56.6608  46.9473  30.843
0.015625 58.0328  25.2352  26.8437  25.3105  43.5952  64.2012  28.8995  78.5032  37.5573  56.1126  9.14143  15.812  59.0539  73.2219  15.3992  39.5005  21.3596  78.2135  8.9496  59.6178  13.8439  74.7486  31.1503  63.8965  18.9088
0.015625 62.0917  13.0593  81.6399  37.9316  62.7793  67.5636  40.8622  88.6311  55.7019  41.8928  31.7395  26.6866  47.8735  17.6248  19.448  21.213  15.3028  98.6877  20.3454  26.1243  20.4933  101.631  32.8392  59.5576  49.2131
0.015625 66.956  28.2459  61.2201  44.5614  54.0618  69.9293  64.6242  34.8071  43.6511  69.3691  30.9019  13.2035  9.93096  106.777  13.4926  38.6008  25.7715  73.0346  22.1289  57.0468  15.835  57.7335  31.5545  23.4732  29.1488
0.015625 58.8511  7.57009  63.1839  33.8016  41.0417  57.5395  47.3301  76.7155  41.1886  34.9363  8.15444  11.2457  71.5418  77.6366  26.6856  18.256  31.8851  53.0571  19.6638  55.9856  8.42174  49.7312  48.416  72.7972  46.2053
0.015625 24.4035  24.6317  46.649  41.3619  46.2223  25.0592  31.9615  64.7021  52.3429  59.3043  27.6674  19.5687  83.7687  39.9564  23.2272  32.6643  2.291  13.6936  15.4288  57.9698  20.2134  40.9714  25.5048  75.7875  64.1449
0.015625 59.6653  26.8408  87.738  42.9829  52.2352  41.0193  52.3377  55.0336  58.8006  72.2355  26.9631  20.593  57.6833  74.4594  12.8355  24.0227  17.5234  46.7315  3.36075  59.5765  10.2333  107.8  46.8416  55.099  51.3099
0.015625 84.4037  14.045  92.0618  22.1057  52.4164  52.3936  38.6895  82.0201  50.5586  89.7327  15.0736  23.8418  65.4504  108.998  13.6953  24.565  27.5075  84.3114  17.7401  61.3415  19.0045  67.8477  31.2269  73.798  40.4022
0.015625 38.0522  21.0224  5.40382  13.759  42.8158  29.7879  41.4994  71.652  35.7822  71.2162  21.9474  21.2718  53.7618  99.0048  31.6044  7.35345  29.3132  41.8696  13.2205  46.9042  13.3634  100.733  30.7861  68.102  26.238
0.015625 66.1367  19.4146  46.4782  43.2287  35.2579  80.1263  49.2818  36.7467  55.0261  69.7663  24.8669  19.525  102.667  86.9317  32.7307  37.8725  26.2371  65.967  10.2106  63.5705  14.6855  110.901  46.9787  47.4624  39.3608
0.015625 28.1672  37.369  29.9746  9.36003  48.1026  70.2905  69.5066  72.2422  53.0507  39.587  39.9332  13.5924  95.7265  70.501  21.0234  15.7272  33.3771  88.9785  9.85336  46.2046  17.3809  85.6951  33.6774  52.0882  58.3323
0.015625 72.1073  13.7546  25.227  35.4209  26.7931  7.48213  20.5565  49.9205  70.0029  47.0624  34.1425  10.6723  77.8489  92.2631  26.037  27.6401  36.9429  26.9639  22.2778  41.4816  13.5914  82.3373  34.5778  27.5977  52.5203
0.015625 22.2042  30.2253  74.2625  43.2484  11.7071  87.6846  40.9231  63.1744  63.7369  60.4435  36.8546  13.1276  34.4667  82.0094  5.60649  35.9507  25.1438  36.3233  18.381  31.0459  19.8858  58.0944  46.2156  63.6589  21.3024
0.015625 83.0537  27.0031  68.0164  36.6726  21.165  88.4187  26.8475  31.1593  63.3763  55.7616  28.4433  9.13959  56.8826  99.1032  26.5511  36.3923  23.4708  94.0636  11.4418  17.6436  12.2175  94.6507  28.8776  88.9546  47.2046
0.015625 29.8287  36.2702  65.9604  21.7293  57.7168  71.6675  24.774  43.5383  32.9885  4.0076  19.8071  25.0044  54.8982  83.9321  28.9965  37.8113  14.339  70.5319  11.2182  41.136  11.0678  65.8249  59.2678  73.9261  38.1053
0.015625 12.5892  30.7191  76.6552  15.7137  28.8869  77.1096  56.8024  60.2226  61.4935  58.722  16.5857  6.7591  87.9534  48.6667  27.4549  32.0079  24.9511  68.1813  19.455  30.0586  11.8909  108.464  49.6921  32.5952  21.7049
0.015625 56.3809  20.0062  89.1691  25.7561  48.5938  20.1277  36.6792  39.1125  39.3876  63.3966  31.8331  22.1054  82.1729  61.8762  31.5248  25.6358  10.3922  67.9378  15.9212  58.5866  3.57869  67.9103  43.0036  82.3857  33.5101
0.015625 61.2848  25.76  56.7037  30.1523  58.9288  48.8534  35.391  42.4011  49.4028  22.2105  40.8322  15.5227  84.7783  54.6375  21.3313  45.5019  16.456  44.3608  5.47959  47.7254  7.30215  96.5507  63.7087  49.3098  36.2709
0.015625 45.6234  32.1352  60.0211  19.275  37.1268  64.8923  37.1392  83.8279  59.9624  76.4009  32.6459  26.4176  100.206  11.4689  16.7486  32.8359  31.4763  57.7889  18.522  32.0162  7.85514  60.2158  35.3485  8.32087  37.0867
0.015625 19.6746  29.8272  36.8098  32.428  36.2869  48.5499  13.4867  63.6541  34.4761  75.9366  38.192  5.05786  31.783  68.1992  15.7707  19.7063  19.549  105.305  13.5809  66.895  14.6261  98.5632  59.8127  67.1584  56.1782
0.015625 41.4776  18.6666  56.0378  35.5431  28.0692  94.246  60.0214  44.3701  14.9411  25.7136  22.9359  17.5718  91.9099  41.5042  15.3526  37.1333  7.08081  34.4471  16.7449  63.0102  3.90919  93.548  20.5208  27.4218  58.9435
0.015625 86.3514  1.75565  51.1643  27.2703  42.0289  89.73  36.105  69.8475  50.8226  51.4462  44.2472  11.6783  72.8435  64.1197  15.6575  42.1186  22.6342  59.8338  14.3505  58.0226  9.83802  72.9899  28.0657  74.3214  44.3391
0.015625 65.3227  30.3924  84.0517  27.4561  53.2155  51.2622  44.8178  23.457  32.8432  50.4096  36.5224  16.6286  74.3537  58.6172  27.6083  25.5511  31.5189  29.3901  22.6753  12.6901  8.82673  30.2031  15.3207  70.0879  45.9816
0.015625 52.1184  17.9238  71.8183  11.7433  31.2592  74.4864  22.67  55.1397  24.5691  85.4966  33.6225  19.427  51.8948  75.6514  27.3244  27.846  30.0938  53.2499  13.4729  72.42  13.1506  65.264  43.0272  45.0794  63.5611
0.015625 55.5457  32.4129  63.6299  27.0157  34.5268  79.0404  39.2202  61.8471  21.9115  70.8986  26.2713  11.161  101.881  95.9808  9.86809  20.3245  11.9399  109.512  14.1861  13.9495  14.5292  62.4061  47.6469  60.7454  67.4815
0.015625 43.6011  36.7611  33.6565  47.8716  26.1352  57.3885  8.00716  77.9336  39.5035  63.1639  38.9107  18.064  59.953  77.803  31.2969  34.2339  16.9408  112.927  17.7845  32.3377  10.3018  84.4266  35.429  60.5441  29.9626
0.015625 16.6239  22.6704  65.1294  28.5278  37.7161  60.7653  43.029  62.1834  66.4491  65.7002  38.5201  18.7085  97.9314  112.785  21.182  27.8377  38.9039  93.4644  19.2403  51.296  1.84633  35.706  18.7462  51.9107  59.5504
0.015625 31.3821  11.6787  74.7539  32.9901  45.1583  97.3565  50.1772  82.8446  54.8426  48.0099  18.2705  14.9038  50.0542  76.631  14.1242  26.7162  28.5795  72.324  9.97962  32.8297  3.13603  42.3424  22.4855  65.6268  38.0269
0.015625 76.2594  26.8821  41.0379  30.6998  21.987  40.512  54.8237  45.0558  65.3527  56.7256  43.2995  23.2841  26.9245  6.43881  23.6239  21.578  24.3447  96.4831  14.6384  55.0837  9.37447  23.421  54.7555  64.1117  17.7177
0.015625 80.164  29.7761  73.6915  17.2498  3.47041  82.1217  19.6006  59.0862  38.8729  52.8098  16.9186  25.2008  66.162  82.049  4.30739  18.9158  22.3204  51.8414  19.8048  54.7558  5.53852  60.0818  57.1322  40.7503  39.7238
0.015625 51.2347  22.4484  17.7182  29.3197  18.189  72.1307  45.6127  48.1222  48.6353  53.679  12.4824  25.8678  70.1907  97.6037  20.4121  30.2332  12.6895  41.1579  20.6927  9.47287  15.0285  48.4388  53.535  71.868  51.8146
0.015625 78.7669  32.3437  72.356  33.2942  50.3225  57.8204  67.0036  66.0292  30.7067  67.7211  32.1561  5.58402  111.675  82.1102  21.0737  13.4031  25.8581  49.6905  12.1171  43.5171  7.4738  81.5063  61.4198  50.261  21.7561
0.015625 44.6238  14.9741  67.4288  48.5892  39.8536  83.0245  38.3938  27.3757  49.4994  16.2656  34.3128  11.4533  108.915  65.1008  23.1688  14.3409  38.6128  89.1068  15.1782  65.9657  18.3077  48.2744  44.0256  82.9397  24.6064
0.015625 53.8517  34.9244  14.0307  26.4703  64.7524  73.3196  54.5419  32.9438  59.5428  47.564  30.4801  22.2388  48.1187  78.3541  6.96561  23.7542  27.0603  58.8577  6.58254  48.0046  10.8899  52.4847  41.8808  38.9017  61.7208
0.015625 52.9904  37.5685  57.6864  39.5776  41.525  68.8478  42.7639  56.3774  43.0734  34.7251  2.2679  23.0795  56.1796  92.1114  30.9575  23.4907  37.8226  18.0302  15.3545  51.4546  16.1773  86.0285  36.3566  34.9  38.8161
0.015625 81.6392  30.7079  42.0075  23.2523  60.7275  32.5207  31.463  75.1386  54.3107  44.8227  28.5353  18.0189  108.355  74.8746  14.0075  37.1988  29.1396  97.6512  17.2447  36.3693  13.0211  42.0942  53.2579  62.4156  52.0488
0.015625 36.8308  23.9503  43.5314  46.8401  62.3535  64.7231  52.1744  86.761  15.536  79.1877  23.4964  9.44714  78.4487  102.552  32.3874  44.0494  15.6772  91.5255  18.0963  49.0133  8.90126  15.6627  50.4753  26.7797  11.3207
0.015625 49.428  16.0711  45.2338  10.8495  58.5912  60.8507  51.0453  78.4238  24.744  30.1088  24.6203  10.1044  48.7092  46.2854  18.3578  12.9741  25.2703  64.8311  15.8119  28.2444  14.0211  37.0798  47.7961  76.6867  43.9353
0.015625 35.561  25.7162  72.8952  46.2611  23.7736  16.7056  65.8019  57.5444  27.2897  64.5523  42.428  15.0354  61.5807  106.161  11.6337  20.5212  20.8228  31.6772  6.0081  22.9477  9.4663  43.875  37.9417  84.9551  45.4998
0.015625 68.6165  24.5109  65.4762  23.9104  30.4266  75.7226  47.3028  66.3048  67.8145  60.2621  30.4482  7.35386  60.7612  44.4045  29.0719  5.12805  7.90023  64.4617  8.28943  52.6945  13.1998  61.3055  8.48314  35.1873  24.1077
0.015625 60.4763  35.1721  50.3042  45.5002  45.6382  91.6508  68.7367  19.6951  44.9968  74.7611  15.212  21.5242  86.6021  60.8525  24.8596  1.6233  12.0945  108.614  23.4215  55.7842  11.0155  80.5943  41.65  84.2906  52.4608
0.015625 39.2308  8.78143  82.6497  22.7904  39.8378  34.1052  51.0703  29.0785  63.6484  28.6739  30.332  17.3441  85.6722  115.933  21.1391  21.4566  17.2416  110.167  18.9831  35.6204  17.4014  87.1322  64.9771  6.36867  62.5003
0.015625 40.3712  23.1313  78.3286  17.0664  44.3683  76.0037  48.2694  30.6004  42.5799  83.5236  34.2693  22.8659  77.0335  111.133  23.8416  34.7746  24.1519  38.1792  10.3588  45.4334  16.817  38.0323  56.3529  67.0362  44.2996
0.015625 57.2097  38.1229  75.1606  28.7481  42.5091  53.415  57.76  47.049  45.7992  65.8412  29.0231  12.628  42.0441  54.268  30.1518  37.5365  35.2875  74.2527  20.2914  26.012  9.48398  105.954  24.6933  61.2986  60.087
0.015625 69.4619  18.1362  52.4306  37.5916  54.9554  83.3804  61.7407  76.2291  31.5884  32.6951  41.8783  16.9594  19.1847  107.274  22.7172  17.7964  30.2767  48.7276  12.6879  36.9404  16.712  70.9535  50.5684  22.0499  41.6235
0.015625 62.8979  27.5996  29.4381  18.3173  43.8511  74.2014  23.8957  5.1121  40.7234  57.5666  19.1691  6.91276  44.4738  72.2206  25.0591  30.169  20.0496  86.7231  12.7556  62.2588  16.2974  4.5676  14.9352  36.4391  56.5831
0.015625 63.7045  27.9214  85.1314  42.1913  24.5896  55.4116  22.4167  36.9982  12.1079  50.3121  34.6906  25.7155  97.2398  52.8268  22.5202  13.5488  34.82  80.5989  8.7539  47.3619  17.594  28.6582  45.3744  16.536  26.8663
0.015625 26.3715  4.9089  32.1414  21.6778  15.0283  37.1051  60.9135  24.032  30.4672  28.0154  28.6072  24.0455  75.5827  95.0919  11.7926  25.799  18.1373  101.197  11.8575  38.7119  12.1228  98.1075  7.64564  57.0816  7.09628
0.015625 73.0626  20.4334  43.3267  19.8407  46.9961  50.0562  55.3728  17.4942  35.2158  78.4465  25.868  18.3205  23.5583  67.2807  18.1014  37.6302  33.7274  84.8189  12.3968  36.2606  6.85428  99.9939  47.8453  66.0643  33.1522
0.015625 67.782  31.6943  59.5371  29.862  26.4387  66.4978  33.386  79.4365  28.3406  43.7597  40.2115  21.6814  90.6287  103.115  22.5961  23.4096  21.9453  56.6793  13.8997  43.7889  18.706  89.7362  32.2424  57.531  25.1465
0.015625 34.2357  17.7659  69.6557  30.9074  32.3793  42.5298  55.9376  59.0365  48.8721  19.8138  21.5305  20.2273  44.5706  68.4337  24.5401  43.7528  33.8643  113.396  17.9345  48.3034  12.2902  47.8829  63.7723  68.7181  39.5388
0.015625 77.4677  31.0171  79.2728  3.71189  19.1822  44.6051  60.4133  66.055  21.0227  32.0154  35.8146  8.41837  93.1278  92.5104  20.0347  43.9216  14.4637  84.3841  18.3146  69.4617  17.0327  68.1313  29.601  54.5383  49.0441
0.015625 74.0673  12.2442  54.7613  36.6958  35.8799  38.7636  58.1319  49.2471  52.104  86.2614  12.015  12.8995  87.3395  50.7361  19.288  29.3944  9.77736  82.9163  13.2926  33.6373  17.4767  55.2972  53.7489  30.6829  41.8676
0.015625 46.6019  12.1291  20.4341  33.6282  54.2209  67.5473  30.1297  23.2525  20.0496  74.0038  31.1182  15.5279  113.388  32.7657  13.4206  28.7311  30.8817  71.1191  14.2856  7.90945  15.9424  72.3392  39.6523  40.4527  30.0923
0.015625 5.49952  23.8247  94.2633  40.9043  46.8926  46.1629  39.8741  50.0504  40.457  65.0905  20.6287  20.114  67.1831  57.2865  17.5324  32.0771  32.7099  98.9545  8.34284  64.9798  17.2914  64.2294  18.0968  42.7195  54.0475
