32
   0.03125   65.4915   21.2658   73.9081   38.9402   44.1523   73.1237   14.3247   50.3089   44.8375   39.1069   14.7419   19.8801    31.885   32.6346   20.3678   39.3478   26.0977   70.3229   9.71401    32.943   5.59067   68.2119   51.4123   24.7998   40.1768   58.2418   56.4275   23.7375   30.8289   8.91782    24.089   26.7178   43.5436   10.9767   47.0563   11.5547   11.4284   35.9574   67.0116   34.2218   60.7606   86.6129   7.04361   93.4453   86.2281   15.4998   22.2947   5.60145   18.9758   74.0359
   0.03125   64.7333   38.0768   62.0717   32.5166   53.7398   65.5828   50.4161   17.0327    59.262   34.4769   29.6506   16.0259   108.028    69.594   29.4088    21.345   33.3812   81.3347   15.4557   68.8652   11.6159   88.9417   31.2346   40.7378   36.5793   38.1867   86.8817   12.8491   44.8432   32.1698   22.5973   32.8488   28.5379   9.32416   50.1266   13.4243   49.5764   49.2124   83.8068   30.8418    55.162   73.8662   8.53268   62.9952   59.9046   6.25099   19.5748   8.87924   17.4817   44.9425
   0.03125   57.7655   30.1686   70.8398   41.4529   19.7476    72.396   61.8202    66.228   35.7566   51.1001   21.2285   20.0069   53.3102   37.5753   24.2789   40.9773   32.2516   83.4343   17.7629   45.7215   9.73737    53.192   55.3223   55.3103   57.5104    77.662   94.9125   7.71637   27.0222   53.9348    16.657   15.9744   33.5224    10.267   31.2673   15.5524   17.7721   56.1733   66.5892   29.1901   2.73629   29.3857   11.1092   75.8112   76.1777   5.56028   23.1828   4.53417    16.865   41.4063
   0.03125   50.4972   30.7627   52.5267    11.851   54.3636   56.8611   45.5817   79.4927   22.0034    73.187   17.2865   11.3359   42.4949   80.1732   12.1074   35.8521   11.8971   90.7767   4.62094   63.6266   12.7049    100.13   53.4053   70.8006   66.9072   68.9205   66.9369   37.1443   45.3242   39.7228   11.0029   34.8072   36.0041   13.2485   50.2419   10.5365   23.7124   28.2964   92.7495   24.7783   68.4458   70.9368   7.48659   84.5992   61.5221   14.1891    18.828   6.18265   15.8215    45.423
   0.03125   52.5359   24.3119   28.9806   24.4422   43.5041   17.8322   22.1681    83.626   63.8153   50.2357   12.6886   22.8297   80.6884   34.5676   31.1328   23.4809   25.6816   96.1268   8.41826   36.6107   12.9223   81.0237   51.8069   37.2528   37.0931   63.6828   98.9155   22.8059   21.0372   74.1173   17.2094   40.0943   16.1161   5.87009   53.5521   10.6154    5.4195   60.5316   71.9449   12.6222   33.1151   49.2425   8.01418   68.7298   61.0534   12.1637   8.76586     6.905   19.6474   52.2782
   0.03125   22.8339   21.9163    81.245   35.9773   57.1564   54.6575   56.1702   73.6134   47.2594   87.7431   42.0548   20.8956   62.7865   95.3343   18.9226   39.2784   27.3928     89.98   14.2829   47.0993   15.3924   34.6313   43.3398   70.8907   62.3177   18.4164   71.5088   20.4065   50.8741    68.526   20.0955   25.4934   35.1921   10.9076    38.082     6.002   48.8084   17.8813   104.322   19.7501   57.9989   3.19729   16.1337   25.9137   102.353   27.5118   28.5285  0.988381   26.9231    53.282
   0.03125   51.3797   23.6719   85.2248   37.8054   21.6352   25.6768    51.998   64.6884    17.605    52.067   21.3573   25.9774   73.3539   34.6227   22.8999   26.4494   22.8693   63.6503    14.727   56.2611   10.1135   18.9254   61.3802   88.1486   47.6277   34.2816   72.2388   32.6677    33.925   82.0038    25.318   43.7589   36.4749   12.8083   67.7036   13.2067   47.1759   45.8399   28.7354   19.0325   46.1838   49.7808   14.4854    50.121   61.7836   8.11114   17.4378    5.5872   16.5585   39.0759
   0.03125   75.5373   14.2444   46.6945   21.9441   38.6367   18.5788   31.8573    66.812   25.3146   30.8674   22.6021   19.3334   67.3229   56.2647   26.3336    28.412   29.0402   55.0755   15.8696   62.1831   19.3185   71.6207   32.4965   59.0058   53.6722   37.3315   91.2203   28.7448   35.5955   64.3104   15.1488   38.2927   14.5144   10.1621   37.9513   6.70494   43.7863   81.6843    70.404   26.8811   49.5017   45.8319    3.7081   77.0206   93.9111   24.5399   16.6263    4.0467   19.7891   31.8464
   0.03125   38.7999   19.9251   52.7019   14.0011   26.8996   25.0227   53.9603   30.5584   46.2173   39.1778   30.7024   20.6517   75.2885    58.724   12.7474   34.6562   31.8444    73.851   18.4495    53.077   19.1661   98.8663   24.4621   48.9239   63.7597   51.6859   40.5868   29.1217   32.0717   60.0942   9.24804   23.9429   28.4232    2.3254    52.051   5.43711   55.8397   41.7369   35.8383   20.9704   75.0512   68.5552   13.1364   51.6101   66.1178   15.9536   24.7189   9.63425   29.5517   76.6968
   0.03125   39.1839   7.63019   50.4701   36.4488   33.1402   76.1041    19.315   60.9497   12.7958   65.7775   6.20727   18.5999   63.2658   44.9447   16.7063     8.309   28.6537   31.0728   18.7534   47.0809   3.61988   89.5675    37.673   56.2614   35.2574   68.9445     45.23   29.9186     48.74    29.486    20.403    22.588   9.26083   11.8383   50.1049   11.5447   59.1326   47.6393   80.7765   28.1281   42.3717   72.1169   10.0164   63.8849   72.6629    20.277   9.37448   8.97204    19.983   58.0752
   0.03125   43.1719   26.6086   14.7667   34.8096   28.6547   80.1229   48.8987   75.1809   22.9808   17.2338   22.6125   11.1505   85.6047   85.7089   13.5197   36.5298   28.1679   104.983    15.016   45.2109   2.29271   52.3755   41.0283    80.029   39.6055   13.6584   88.0171   14.1972   14.3406   72.2357   28.6532   33.8587   40.4145   8.86113   69.6389   11.2655   51.3632   70.1038   108.932   29.8459   61.0992   66.5365    13.436   70.0229   84.5542   16.0381   11.9035   3.18714   20.9321   56.2021
   0.03125     63.72   13.3025   76.9339   39.1546   55.9299   80.7681   31.2772   34.9862   27.8351   65.2515   24.2013   5.35603   81.2703   101.122   29.6709   18.4364   33.5874   96.1981   6.85354   49.7352   5.22205   88.5759   53.3301   68.9475   60.7253   50.7431   18.7368   37.1294   6.76599   65.7582   6.73406   16.2659   17.3153   10.0916   67.3871   14.1149   50.4639   16.0688   72.4412   21.4012   34.3845   14.7156   8.92979   27.0869   75.7462   12.1132   24.2711   10.7221   23.4815   71.3796
   0.03125   29.4679   24.5198   93.4919   40.9019   24.3427   79.0441   57.9198   46.2128   43.8526   59.6714   7.33873   11.5807   107.231   54.8728   26.4804    32.499   27.4452   70.8616   14.5794   44.4099   20.2369   50.6183    50.239   67.3232    44.929   46.9482   65.1562   28.0072   22.5412   44.5407   31.2315   18.1031   8.58109   5.43929   23.3914   13.6244    31.045   49.9117   99.1756   17.9731   51.3987   55.8271   2.17274   3.79427   81.8112   17.1843   21.7838   10.1972   24.0308   34.3122
   0.03125   67.0073   31.5618   34.1485   11.1046   53.2521    70.906   63.5526   58.9546   41.8553   40.5502   19.0689   9.26539    69.016   73.8751   24.7823   38.1215   19.6195   64.8505   9.87392   50.3512   15.1744    24.795   10.9058   31.2019   14.4938   52.5424   17.9272    2.7929   56.7713   77.4394   30.0915    36.093   22.7868   13.3472   19.0078   7.96109   25.3468    44.198   52.7017   28.3889   74.2785   23.8423   7.46055    81.032   47.2809   21.2944   20.6713   9.23593   26.9142   50.9515
   0.03125   42.4757   11.1777   51.9284   11.6221    35.448   35.6204   64.3036   79.6839   37.6341   57.0447   37.5745   17.4839    21.612   43.7277   21.8928   22.4552   30.6902   97.6511   7.75989   69.0999   5.99422   31.6773    21.677   68.7348   32.6791   47.5944   94.0455   20.0649   17.8865   44.0034   24.6176   10.9619   40.0927   13.6621   30.0856    12.913   48.0723   55.2109   97.1786   21.3127    62.607   43.7829    11.781   83.7793   52.8245   9.32259   24.0164   11.9819   31.9012   61.1481
   0.03125   58.5602    9.9761    73.019   32.8753   22.6793   72.5564   31.6374   82.1618   50.9082   77.0841   25.7724   24.5662   43.9577   54.4383   16.3279   39.5147   18.1961   71.7033   6.93938   51.3361   16.8328   79.2186   54.1029   70.2521   41.4468   35.5267   84.4212   14.6148   52.0337   25.4582   26.9799   11.8903   42.9531   9.80349   62.5936    18.138   50.5329   66.8701   88.4517   6.24027   33.6165    41.434   9.89592   34.3181   80.9267   16.6683   20.8945   7.04012   11.8557   76.0819
   0.03125   27.8417   37.7873   67.7641   23.5119   37.4755    60.613   67.7801   62.1527   53.6408   33.3893   22.0328   21.6007   11.5011    99.863   20.9193   8.97579   31.2403   101.453  0.951986   65.8742   10.0007   103.808   13.4176   30.4117   33.8576   51.2265    51.393   16.7885   26.4455   45.6256   24.8299   31.6446    15.581   6.22263    57.619   10.4627     33.27   41.7115   90.8546   19.2484   37.7862   78.4516   11.0683   19.6916   69.8836   22.7579   17.2051   7.37885    17.238   47.0917
   0.03125   70.3237   23.9383   45.9617   46.9271   25.2441   92.7544   52.3093   70.5114   67.4006   30.5036   39.7002   12.4475   51.8711   50.1265   33.2814   41.2531   34.8471    81.924    12.947   30.6699   7.14031   44.7824   28.1083   76.3923   24.1216   53.7857   33.5907   29.2269    38.565   47.3328   23.3378   39.5567    27.835   12.3727   34.1031   10.6344   24.2652   21.3997    46.245   9.50562    24.978   81.6104   15.1259   58.6346   73.5267   24.7218   8.41291   9.12485   7.99715   62.2561
   0.03125   56.6946   19.4624   79.2604   39.5885   48.4188   36.0314    59.687   29.1358   51.9066   55.5468   23.4145   20.3914   64.7962   72.8662    5.5851   37.9252   27.9003   63.5361   11.4464   44.5008   7.99545   100.704   39.9692   45.5561   57.1593    54.105   32.7128   26.3567   51.3199   44.3708    22.966   31.1507   29.6963   8.27637   64.9412   3.52716   45.8052   42.9173    68.682    3.9774   49.9749   53.9279   10.5749    55.381   17.6604   13.9683   21.0072   5.83454   16.2251   61.7105
   0.03125   62.9575   27.5842   64.8916   32.4481   50.1864   67.3258    21.901   55.9614   8.77423   66.7864   37.4417   13.8316   96.4644   68.0737   17.9432   27.7197   27.9745   111.785   16.4369   33.8909   18.0499   101.299   49.2554    53.028    44.507   72.4069   81.7615   5.55208   38.6133   76.6032   13.2084   14.7487   37.3026   13.7463   32.5915   12.3618   24.8785   75.6704   69.1579   17.5351   54.2489   61.5096   12.6333   51.1802   22.3768   17.6473   11.1363    7.9473   32.7209   33.5456
   0.03125   34.7059   17.0976   49.1652   26.9777   29.5579   75.3315   32.9477   59.2742   55.4123   73.5053   15.0859   21.0818   67.9279   86.2289   13.2686   34.6811   33.0822   98.8288   15.1282   58.8852   15.1039   20.7336   38.0099   28.5963   35.4505   58.5887   27.2299   31.0559   12.6683   76.3071   29.5231   13.3417    24.638   6.40566    79.611   6.41627   40.0486   67.2294   94.4064   12.3383    41.448   79.2717    11.105   59.2504   93.2351   11.6508   20.3951  0.610121   24.2879   55.6697
   0.03125   73.9358   29.8665   77.6125   31.0027   17.6536   65.2199   42.2956   56.5629   50.0369   60.7544   21.6976     10.09    45.913   66.7764   17.7955   20.2415   23.1858   87.7702   15.5878   67.7772   17.4813   40.8803    23.384   60.0144   64.3904   22.6603   92.7421   36.7323   8.99506   83.6014   32.7472   33.1141   32.0993   10.8598   74.5175   11.4125   15.8891   62.8547   105.491   13.5606   75.6676   29.6813   7.70155   51.8164   33.0431   26.4653   11.8245   7.26209   20.5095   7.91013
   0.03125   45.8494   12.7815   44.9299    49.159   12.8151   56.9178   59.9756   51.7539   68.9899   49.6721   34.9538   6.02736     87.96   23.4911   18.3412   37.5601   40.8569   88.0246   18.5974   60.3082   21.0147   84.3161   45.5806   18.2872   42.9179   72.8514   99.4665   23.1148   40.7615    24.317   29.6782   41.3088   17.7707   12.8989   71.7107   14.5928   41.2839   82.4351   75.2815    30.488   48.0294   62.3699   11.0405   18.7072   35.4027   25.1107   29.8935   6.90781   32.9677   42.2282
   0.03125   45.5233   24.7989   92.7762   46.7376   51.6377    51.382   41.9818   57.3221   20.3839   62.1417   36.7283   14.6355   63.5533   97.9375   23.3899   30.3737   37.3039   33.5793   22.1439   27.6345   13.9852   82.8383    7.6301   41.1128   38.8653    21.144   79.7029   36.6539   35.0475   64.4071   33.3228   18.3856   13.4291   14.3086   52.7517   10.5886   41.2046   21.1919   91.0394   35.2262   40.0547   82.6496   10.5802   40.5981   79.3578   23.6064   28.5535   8.45123   9.39671   37.2037
   0.03125   14.8102   30.8464   42.4243   23.3197   42.4862    62.691   38.2075   52.8056   39.2751    58.406   21.7231   13.2448   56.4362   43.0496   19.5218   26.9943   28.4366   37.1672   4.20057   20.6638    15.504   67.0338   44.2177   9.34992   48.7378   57.8214   79.7428   26.9924   20.6163   43.4338   12.4718    38.891   25.1193   4.59578   64.5931    11.011   33.6828    51.408   112.603   15.2881   31.0629   24.6371   12.9083     49.64   60.1207   15.9268    13.149   9.85082   26.6153   46.2652
   0.03125   51.6709   18.6579   6.88837   28.3414   32.3067   53.5071   61.9702   59.5483   48.3253   61.3206    1.5424   7.85434   66.5909   70.2205   15.0609    39.646   28.1754   88.1831   17.4349   49.8563   17.3355   80.5814   23.9188   58.1932   52.1048    62.933   71.4151   24.4324   39.4866   66.7863   24.9996    20.256   44.1165   12.9076   65.9464    9.5181   42.8183   25.1255    93.372    27.924   46.8009   56.9423   12.7949    86.855   66.0076    8.7458   8.12131   8.43882   5.86883   71.6018
   0.03125   33.8214   22.8535   57.2685   46.1798   28.4963   72.2664   12.0598   68.0975    62.988   89.8722   38.5946    11.871   80.8881   68.2185   27.4062   26.2743   34.6311   103.441   17.5854    58.614   11.2516   108.873   25.3245   65.3306   49.5279   73.6518   61.2176    9.8262   51.5872   23.9164   16.1323   30.0073   36.7059   7.89496   34.8533   5.68171   26.3149   13.3213   94.4402   23.8216   29.8053   45.6937   6.21075   48.3852   76.8789   23.8898    23.869   7.89807   8.64971   80.7792
   0.03125   24.8523   34.9648   26.6394   38.1432   19.3453   42.8377   28.0297   78.8198   33.3974   44.2734   27.4631   24.7735   84.8655   89.9908   10.1888   16.2318   16.1701   62.6914   10.1396   13.3556   9.91051   62.2393   31.8558   53.1501    46.087   27.4298   74.7651   31.4759   54.7665   53.8377   15.6065    21.687   30.9532   8.49132   42.8854   4.64223   28.3064   36.8728   93.5686   35.5897   69.8242   57.4317    7.0966   46.9854   41.9385   19.6656    28.132   5.02312   10.0113   66.9643
   0.03125   59.6097   30.5137   80.9173   35.7573   21.0641   65.9479   14.7221   36.5934   37.1673   61.7042   10.4083   18.6608   101.514   19.8008   17.2757   10.2344   28.9747   94.7303   5.45803    35.464   5.95466   50.9657   34.1375    68.363   51.9477   62.9588   48.3763    22.391   35.9937    36.366   26.3847   44.4415   28.0282   13.1827   8.99128   12.5783   21.2032   70.5317   77.8685   19.1159   62.2965   70.6452   10.4932   56.4299   58.1756   20.5946   23.1901   6.13158    27.555   86.6093
   0.03125   62.1919   30.9757   64.7637   38.4384   38.4703   59.1127   49.9115   67.5254   57.7511    44.897   35.3182   23.2297   37.4478   92.7664   13.8824    42.522   6.71482   94.6837   16.5571   33.6462    6.4491   71.1931   34.5595   32.7072   65.9851    73.828   77.1259   3.59588   33.1777   79.9927   27.1433   37.7769   22.5988   4.83213   33.2505   10.8732   16.0819   67.7729   106.228   17.3418   58.9306   62.2567    12.081   57.1339   94.0287   15.1091   15.9075   10.6664   17.3879   70.7076
   0.03125   80.6011   5.55177   67.7435   28.6559   30.8519   61.3967   48.6314   36.1191   49.9146   22.6256   28.0853   15.5231   28.1975   56.1012   15.8352   39.7352   35.9684   34.6669   14.5334   59.8078   18.2227   67.7468   33.9303   47.1612   18.2622   17.3701   44.1067   37.8912   49.6043   58.7793   14.4247   39.8432   22.5565   8.99538   10.8104   16.4211   31.7489   87.4796   97.0422   21.6708   51.6992   63.7012   13.0417   55.6829   81.2006   16.5346   14.8986   5.95529   15.3691   48.2095
   0.03125   55.0611   31.8119   85.9257   33.9838   18.1808   51.8799   53.5031    25.027   52.9286   79.0815   20.7555   11.2124   7.45431   29.5043   5.02226   34.0571   23.2612   51.2744   10.9731   21.7227   9.09978   94.2431   41.7853   73.0704    46.891   54.3076   103.911    24.418   35.3391   50.1032   14.3587   21.2149   29.2008   8.90564   59.7047   14.3996   37.4546   63.9406   48.6339   24.8688   53.4841   78.3651   8.14012   21.5752   92.2666   8.31017   27.5128   8.33506   24.3109   27.7657
