16
    0.0625   65.4915   21.2658   73.9081   38.9402   44.1523   73.1237   14.3247   50.3089   44.8375   39.1069   14.7419   19.8801    31.885   32.6346   20.3678   39.3478   26.0977   70.3229   9.71401    32.943   5.59067   68.2119   51.4123   24.7998   40.1768   58.2418   56.4275   23.7375   30.8289   8.91782    24.089   26.7178   43.5436   10.9767   47.0563   11.5547   11.4284   35.9574   67.0116   34.2218   60.7606   86.6129   7.04361   93.4453   86.2281   15.4998   22.2947   5.60145   18.9758   74.0359
    0.0625   64.7333   38.0768   62.0717   32.5166   53.7398   65.5828   50.4161   17.0327    59.262   34.4769   29.6506   16.0259   108.028    69.594   29.4088    21.345   33.3812   81.3347   15.4557   68.8652   11.6159   88.9417   31.2346   40.7378   36.5793   38.1867   86.8817   12.8491   44.8432   32.1698   22.5973   32.8488   28.5379   9.32416   50.1266   13.4243   49.5764   49.2124   83.8068   30.8418    55.162   73.8662   8.53268   62.9952   59.9046   6.25099   19.5748   8.87924   17.4817   44.9425
    0.0625   57.7655   30.1686   70.8398   41.4529   19.7476    72.396   61.8202    66.228   35.7566   51.1001   21.2285   20.0069   53.3102   37.5753   24.2789   40.9773   32.2516   83.4343   17.7629   45.7215   9.73737    53.192   55.3223   55.3103   57.5104    77.662   94.9125   7.71637   27.0222   53.9348    16.657   15.9744   33.5224    10.267   31.2673   15.5524   17.7721   56.1733   66.5892   29.1901   2.73629   29.3857   11.1092   75.8112   76.1777   5.56028   23.1828   4.53417    16.865   41.4063
    0.0625   50.4972   30.7627   52.5267    11.851   54.3636   56.8611   45.5817   79.4927   22.0034    73.187   17.2865   11.3359   42.4949   80.1732   12.1074   35.8521   11.8971   90.7767   4.62094   63.6266   12.7049    100.13   53.4053   70.8006   66.9072   68.9205   66.9369   37.1443   45.3242   39.7228   11.0029   34.8072   36.0041   13.2485   50.2419   10.5365   23.7124   28.2964   92.7495   24.7783   68.4458   70.9368   7.48659   84.5992   61.5221   14.1891    18.828   6.18265   15.8215    45.423
    0.0625   52.5359   24.3119   28.9806   24.4422   43.5041   17.8322   22.1681    83.626   63.8153   50.2357   12.6886   22.8297   80.6884   34.5676   31.1328   23.4809   25.6816   96.1268   8.41826   36.6107   12.9223   81.0237   51.8069   37.2528   37.0931   63.6828   98.9155   22.8059   21.0372   74.1173   17.2094   40.0943   16.1161   5.87009   53.5521   10.6154    5.4195   60.5316   71.9449   12.6222   33.1151   49.2425   8.01418   68.7298   61.0534   12.1637   8.76586     6.905   19.6474   52.2782
    0.0625   22.8339   21.9163    81.245   35.9773   57.1564   54.6575   56.1702   73.6134   47.2594   87.7431   42.0548   20.8956   62.7865   95.3343   18.9226   39.2784   27.3928     89.98   14.2829   47.0993   15.3924   34.6313   43.3398   70.8907   62.3177   18.4164   71.5088   20.4065   50.8741    68.526   20.0955   25.4934   35.1921   10.9076    38.082     6.002   48.8084   17.8813   104.322   19.7501   57.9989   3.19729   16.1337   25.9137   102.353   27.5118   28.5285  0.988381   26.9231    53.282
    0.0625   51.3797   23.6719   85.2248   37.8054   21.6352   25.6768    51.998   64.6884    17.605    52.067   21.3573   25.9774   73.3539   34.6227   22.8999   26.4494   22.8693   63.6503    14.727   56.2611   10.1135   18.9254   61.3802   88.1486   47.6277   34.2816   72.2388   32.6677    33.925   82.0038    25.318   43.7589   36.4749   12.8083   67.7036   13.2067   47.1759   45.8399   28.7354   19.0325   46.1838   49.7808   14.4854    50.121   61.7836   8.11114   17.4378    5.5872   16.5585   39.0759
    0.0625   75.5373   14.2444   46.6945   21.9441   38.6367   18.5788   31.8573    66.812   25.3146   30.8674   22.6021   19.3334   67.3229   56.2647   26.3336    28.412   29.0402   55.0755   15.8696   62.1831   19.3185   71.6207   32.4965   59.0058   53.6722   37.3315   91.2203   28.7448   35.5955   64.3104   15.1488   38.2927   14.5144   10.1621   37.9513   6.70494   43.7863   81.6843    70.404   26.8811   49.5017   45.8319    3.7081   77.0206   93.9111   24.5399   16.6263    4.0467   19.7891   31.8464
    0.0625   38.7999   19.9251   52.7019   14.0011   26.8996   25.0227   53.9603   30.5584   46.2173   39.1778   30.7024   20.6517   75.2885    58.724   12.7474   34.6562   31.8444    73.851   18.4495    53.077   19.1661   98.8663   24.4621   48.9239   63.7597   51.6859   40.5868   29.1217   32.0717   60.0942   9.24804   23.9429   28.4232    2.3254    52.051   5.43711   55.8397   41.7369   35.8383   20.9704   75.0512   68.5552   13.1364   51.6101   66.1178   15.9536   24.7189   9.63425   29.5517   76.6968
    0.0625   39.1839   7.63019   50.4701   36.4488   33.1402   76.1041    19.315   60.9497   12.7958   65.7775   6.20727   18.5999   63.2658   44.9447   16.7063     8.309   28.6537   31.0728   18.7534   47.0809   3.61988   89.5675    37.673   56.2614   35.2574   68.9445     45.23   29.9186     48.74    29.486    20.403    22.588   9.26083   11.8383   50.1049   11.5447   59.1326   47.6393   80.7765   28.1281   42.3717   72.1169   10.0164   63.8849   72.6629    20.277   9.37448   8.97204    19.983   58.0752
    0.0625   43.1719   26.6086   14.7667   34.8096   28.6547   80.1229   48.8987   75.1809   22.9808   17.2338   22.6125   11.1505   85.6047   85.7089   13.5197   36.5298   28.1679   104.983    15.016   45.2109   2.29271   52.3755   41.0283    80.029   39.6055   13.6584   88.0171   14.1972   14.3406   72.2357   28.6532   33.8587   40.4145   8.86113   69.6389   11.2655   51.3632   70.1038   108.932   29.8459   61.0992   66.5365    13.436   70.0229   84.5542   16.0381   11.9035   3.18714   20.9321   56.2021
    0.0625     63.72   13.3025   76.9339   39.1546   55.9299   80.7681   31.2772   34.9862   27.8351   65.2515   24.2013   5.35603   81.2703   101.122   29.6709   18.4364   33.5874   96.1981   6.85354   49.7352   5.22205   88.5759   53.3301   68.9475   60.7253   50.7431   18.7368   37.1294   6.76599   65.7582   6.73406   16.2659   17.3153   10.0916   67.3871   14.1149   50.4639   16.0688   72.4412   21.4012   34.3845   14.7156   8.92979   27.0869   75.7462   12.1132   24.2711   10.7221   23.4815   71.3796
    0.0625   29.4679   24.5198   93.4919   40.9019   24.3427   79.0441   57.9198   46.2128   43.8526   59.6714   7.33873   11.5807   107.231   54.8728   26.4804    32.499   27.4452   70.8616   14.5794   44.4099   20.2369   50.6183    50.239   67.3232    44.929   46.9482   65.1562   28.0072   22.5412   44.5407   31.2315   18.1031   8.58109   5.43929   23.3914   13.6244    31.045   49.9117   99.1756   17.9731   51.3987   55.8271   2.17274   3.79427   81.8112   17.1843   21.7838   10.1972   24.0308   34.3122
    0.0625   67.0073   31.5618   34.1485   11.1046   53.2521    70.906   63.5526   58.9546   41.8553   40.5502   19.0689   9.26539    69.016   73.8751   24.7823   38.1215   19.6195   64.8505   9.87392   50.3512   15.1744    24.795   10.9058   31.2019   14.4938   52.5424   17.9272    2.7929   56.7713   77.4394   30.0915    36.093   22.7868   13.3472   19.0078   7.96109   25.3468    44.198   52.7017   28.3889   74.2785   23.8423   7.46055    81.032   47.2809   21.2944   20.6713   9.23593   26.9142   50.9515
    0.0625   42.4757   11.1777   51.9284   11.6221    35.448   35.6204   64.3036   79.6839   37.6341   57.0447   37.5745   17.4839    21.612   43.7277   21.8928   22.4552   30.6902   97.6511   7.75989   69.0999   5.99422   31.6773    21.677   68.7348   32.6791   47.5944   94.0455   20.0649   17.8865   44.0034   24.6176   10.9619   40.0927   13.6621   30.0856    12.913   48.0723   55.2109   97.1786   21.3127    62.607   43.7829    11.781   83.7793   52.8245   9.32259   24.0164   11.9819   31.9012   61.1481
    0.0625   58.5602    9.9761    73.019   32.8753   22.6793   72.5564   31.6374   82.1618   50.9082   77.0841   25.7724   24.5662   43.9577   54.4383   16.3279   39.5147   18.1961   71.7033   6.93938   51.3361   16.8328   79.2186   54.1029   70.2521   41.4468   35.5267   84.4212   14.6148   52.0337   25.4582   26.9799   11.8903   42.9531   9.80349   62.5936    18.138   50.5329   66.8701   88.4517   6.24027   33.6165    41.434   9.89592   34.3181   80.9267   16.6683   20.8945   7.04012   11.8557   76.0819
