100
0.01 65.467478 36.241389 84.121188 44.588133 71.676481 92.761832 62.599083 54.391693 39.078226 90.474242 47.823416 10.972497 53.291041 66.691437 27.246271 15.768205 33.518933 75.860805 10.270214 42.70976 6.556709 148.440783 44.129947 40.996458 94.473574 67.428039 94.34102 45.975965 49.196352 108.878265 16.994123 50.906069 62.637473 10.970201 73.15498 14.785881 70.718574 121.433939 86.808708 43.446886 43.37058 73.827691 13.726582 74.313957 69.000068 36.854508 22.922772 9.460245 36.738757 74.775234
0.01 121.617317 33.729039 64.775201 67.607658 62.544639 84.701756 46.475104 90.603724 38.48654 124.354141 51.216109 16.045372 158.563754 138.103676 41.688386 40.471466 37.200381 138.102024 19.633875 34.448039 4.526809 152.886987 66.942634 58.821209 45.75012 61.838439 99.510266 29.075458 77.843453 52.027081 27.644879 24.114128 12.186117 14.694477 71.912943 10.423227 43.458999 21.996766 103.431871 35.476022 107.468339 102.272277 11.285307 64.801982 84.561172 30.468026 28.209992 11.268053 26.585306 58.431936
0.01 90.384784 28.630072 113.407341 45.547425 72.687668 78.291768 92.98724 51.648514 69.778893 63.363048 46.561925 17.399472 100.802321 121.869222 10.849261 37.727083 29.562042 114.234917 19.201306 31.35426 22.724584 118.454802 56.077744 71.788423 58.206086 79.559523 99.884689 33.501831 45.60512 42.150226 18.756514 29.226579 30.537609 14.531122 64.000758 12.221608 81.926989 83.7614 85.025918 43.895754 48.886587 59.647135 18.876346 98.010296 111.877089 13.544549 31.049058 11.015842 20.292334 93.39988
0.01 61.564143 39.058621 112.378594 50.278991 57.276908 74.97362 48.804831 56.156885 60.071753 121.618546 11.764157 21.779436 133.16246 27.684721 28.523738 62.145523 23.882857 48.439472 9.346899 47.754624 20.884966 101.652521 62.951807 124.237401 76.216098 73.433178 103.852074 31.885433 57.886827 40.784233 26.601166 35.504984 45.05621 7.971047 75.01891 10.062997 73.522882 60.908503 88.62324 24.188996 91.164047 80.12185 11.730483 80.963664 89.741727 20.230536 32.936168 8.918517 31.735578 21.54307
0.01 67.501404 31.482966 71.358909 41.873779 49.380194 100.460214 59.3291 63.176223 48.906844 124.354141 48.011745 21.995246 147.605948 108.006197 28.205768 43.498491 36.3999 127.978012 26.905889 56.033521 24.383106 78.148847 59.029063 49.544399 39.725871 56.992211 64.668924 27.168484 33.800368 100.308204 25.932448 33.77899 36.647279 9.901904 57.426173 12.805184 49.168358 34.884465 99.543629 33.95521 29.348028 60.314984 15.058071 69.232932 89.114212 25.798965 29.355269 10.785372 22.119434 83.031279
0.01 47.991235 29.409495 23.26787 58.213966 74.681181 67.227546 69.433804 72.658331 45.778871 112.18626 10.511124 15.210782 75.873517 55.039005 9.533358 53.956607 37.89533 159.46478 9.46917 57.182106 28.046053 120.005359 34.867652 52.858216 52.029279 63.198337 99.319757 31.287447 62.055379 40.689423 25.623776 40.72201 55.534869 9.734022 76.676404 18.318562 46.515622 109.864605 91.9637 30.673521 54.727889 61.413128 8.064175 64.324126 108.183015 29.65137 25.311558 8.443032 36.55908 78.193677
0.01 95.889877 29.685854 95.70633 39.098272 60.288893 68.067352 50.94951 95.393899 61.797922 75.087934 38.406189 26.118427 119.211474 123.957511 44.063879 41.950385 46.36272 95.681694 20.035991 57.10405 27.371418 58.330136 51.482233 106.348679 49.005644 73.953205 78.139929 29.30255 41.069629 80.883824 21.286875 24.706667 40.486761 18.413122 66.608546 10.036298 62.722315 79.234911 82.674766 46.184792 70.105019 89.244263 13.149273 83.226346 52.411205 41.461821 23.508681 11.216043 17.582883 36.881571
0.01 91.00459 35.02369 114.85261 40.642506 61.204347 106.256227 76.935844 84.528719 75.635278 124.354141 26.658328 29.436687 158.563754 57.539363 32.105731 40.733398 27.480343 73.273701 16.537282 52.818523 19.268296 79.250882 68.817606 45.900741 60.475879 58.831302 67.458572 32.936296 28.456131 42.217653 31.425559 27.078508 43.629118 8.419817 73.630482 5.760567 59.052059 83.459197 101.11255 40.551111 47.103626 60.984132 15.117665 78.275825 36.776157 32.080652 27.832165 5.537009 18.395289 38.606261
0.01 117.211085 27.954302 97.905009 14.616639 71.632413 73.748052 38.931055 53.641657 44.662004 60.740476 54.327521 13.458067 158.563754 120.698133 45.555623 25.524577 34.665709 55.046996 31.738323 90.658299 20.217473 89.545294 46.313947 54.522688 16.856271 87.687759 98.966468 17.593481 37.178871 76.596307 25.617954 26.727997 44.380579 10.743553 61.022873 13.52707 60.501175 103.19152 112.010515 17.665302 107.468339 92.121769 8.86552 72.185085 82.786289 30.830214 23.303865 9.958834 15.80977 112.952137
0.01 78.336759 35.243077 53.955335 16.669666 58.902426 42.747218 31.000029 49.550534 72.779767 102.317411 26.355646 31.781867 68.968368 106.434634 24.232394 46.4712 37.766455 66.892452 17.235041 29.716185 24.751373 111.421531 42.408212 36.423693 18.638847 70.082969 121.573146 33.366703 53.047085 54.095512 26.125791 36.544244 40.570149 15.67086 74.882603 16.6904 60.096886 113.618339 91.588328 21.930459 37.73575 87.981082 13.161593 62.778896 93.082952 24.474655 28.792386 10.772118 29.827211 46.46672
0.01 78.726525 29.771032 49.070416 40.491947 55.458626 95.037321 75.318705 95.63442 49.365068 124.354141 51.4219 17.753114 158.563754 108.279447 32.11682 19.999572 21.821438 34.948467 22.378673 61.701686 12.705164 104.709107 52.083203 94.134007 40.46445 69.994827 46.843851 38.453091 28.931316 103.380352 31.12697 40.867482 62.637473 18.039214 69.392575 7.914439 57.948668 81.65143 99.147668 41.564196 53.63138 89.328077 15.443627 75.884368 80.835987 30.361074 26.15114 7.577396 19.866891 111.104587
0.01 107.760347 25.460302 75.865325 65.25684 52.147652 68.546261 61.569902 47.479191 47.863317 68.218521 49.364055 30.242064 128.727749 35.205909 30.691627 23.419863 50.074229 114.024938 10.359563 30.54151 4.526809 59.028902 49.356444 76.397776 83.49838 73.082914 67.331236 29.743186 74.890898 36.464165 30.857738 36.456325 19.88317 14.80268 64.383202 10.555771 36.191468 79.091992 95.596078 37.481525 61.201678 92.327614 12.162001 70.645991 97.396853 29.765527 25.519039 9.541067 14.206741 56.239544
0.01 89.328951 30.190687 99.352943 35.493186 57.998744 96.443813 55.013215 56.084103 66.42219 96.251808 31.638466 26.088172 142.543306 80.979864 30.729005 50.356593 39.335487 84.450329 32.303705 61.399574 4.526809 92.548593 50.845235 49.785473 80.849114 79.006555 102.198519 20.863684 43.361108 65.779541 17.223329 39.553121 62.637473 14.439647 41.168281 15.267487 48.768923 86.820592 96.52474 40.429483 46.978712 80.209167 9.924618 76.166526 119.561495 8.934472 27.210381 8.552124 41.591167 116.897262
0.01 21.241568 32.267289 51.714984 49.246744 61.952425 89.443581 59.822901 61.086691 41.896048 64.285506 56.052503 25.985443 62.96541 120.053286 23.490108 62.145523 30.431686 118.480515 29.585162 60.829721 28.046053 87.108514 58.16083 57.505985 77.216964 70.334391 96.338521 32.991621 51.235072 47.125365 32.437721 49.687238 62.731663 16.338953 75.626941 17.477845 51.926091 87.413278 94.902219 19.911514 60.974684 75.655223 11.419766 67.002758 94.803514 27.288246 22.887591 10.701292 21.089912 64.369924
0.01 21.553068 39.553039 37.037731 35.411445 51.055162 70.219298 23.103432 60.488954 56.702738 86.314472 31.698635 24.613416 82.054218 101.852198 32.055397 50.4035 32.064273 108.138011 13.194517 85.68486 19.808075 94.316061 45.775207 78.979924 72.159594 80.270576 26.769091 54.805966 59.902574 34.263711 21.732228 40.948726 39.318681 22.903756 58.520753 13.165098 43.982546 95.770686 77.814921 23.833966 77.461877 57.126392 10.21755 81.697773 46.290477 41.461821 22.516338 11.232253 20.880524 79.652604
0.01 35.530155 36.792841 110.052764 49.798903 72.285673 80.070258 49.336506 103.438935 53.903852 39.647223 43.551956 26.122125 93.768917 105.840257 27.971237 47.134131 31.422546 28.412612 18.745072 49.846475 16.519752 155.647409 65.355101 116.092329 34.03756 96.547294 85.031134 23.402119 76.410335 35.922173 28.24272 43.148755 39.855811 5.670769 79.360384 17.940782 60.690982 91.623125 88.073514 48.621396 19.531789 98.516623 9.05482 93.797466 102.934421 16.61004 29.794424 12.295084 45.057296 57.575665
0.01 96.877773 36.518284 107.318139 37.866479 44.884815 79.583462 93.125154 62.092471 55.597877 26.883969 49.886345 23.252237 117.767287 53.208398 19.423625 25.316953 31.454185 93.329708 15.218549 86.835514 19.546483 123.559717 46.957696 111.39336 37.293939 69.830332 80.48818 38.962783 63.496049 63.893278 24.772494 30.200015 62.637473 11.730309 87.94355 23.489086 53.193078 37.95331 88.692841 25.194771 63.586436 99.696938 12.014592 73.848968 39.012729 34.250616 27.724885 7.769927 31.510196 109.442268
0.01 50.868919 33.936348 89.594617 59.451849 51.344232 79.553568 56.782579 66.816533 52.550348 77.388789 40.996126 21.207541 99.320922 27.684721 25.919267 24.467373 23.259442 103.862139 32.303705 50.34721 21.632269 155.647409 51.757741 38.33885 78.319913 68.069632 63.659428 43.853331 50.271235 84.999072 28.269313 22.265235 18.371722 14.424868 72.893231 19.831378 35.899721 121.433939 69.808704 35.518542 107.468339 53.507988 13.156234 62.189858 54.048655 12.161081 25.116751 10.368081 18.463327 73.180111
0.01 53.433856 30.502223 23.26787 42.82917 31.868754 89.398925 51.533894 70.201673 58.1793 89.955766 29.768113 21.841768 43.717932 113.646138 34.124872 28.259372 30.576468 99.656146 15.434416 54.244319 17.38082 146.21599 72.095215 58.008338 45.330416 81.513539 116.222978 22.334171 47.418779 37.401339 30.237741 34.353306 59.801325 11.545024 74.660988 12.633769 39.845153 56.532947 91.650047 20.627945 43.44 82.492465 13.384695 79.005612 78.11095 29.448472 27.755156 9.179049 17.961498 64.618646
0.01 121.617317 30.440823 132.947421 67.607658 50.490706 97.49814 36.010168 64.467191 58.097431 28.732392 39.503219 31.429897 110.475912 135.837021 45.555623 24.139155 37.07686 89.794965 21.357069 57.051188 27.151474 114.105541 70.378915 124.237401 76.541067 84.344453 96.344658 34.036984 59.683312 55.445139 26.642546 28.233507 46.323368 15.990245 82.477019 22.472428 49.037029 108.370703 83.111861 23.912677 56.289706 60.379306 15.753297 67.971344 25.382613 23.739433 19.805789 13.222735 46.884308 69.006869
0.01 121.617317 25.901864 64.579189 45.64939 41.678632 52.2045 76.579909 90.167649 38.905329 22.972154 59.558902 25.573781 82.942432 161.621338 24.170795 25.913388 20.503113 40.856776 29.717337 24.483131 20.330052 26.411231 68.199789 27.519017 86.643052 77.492837 90.8977 14.69295 43.536458 111.829712 20.627263 33.576481 62.637473 9.050364 86.685443 20.719404 46.873292 95.469992 99.614068 16.938277 58.164946 67.771699 11.268765 66.804618 75.992759 13.445929 26.839078 8.567681 34.681741 21.54307
0.01 44.33055 34.910828 46.76529 27.872607 52.142892 81.757341 42.166001 37.619227 57.524533 48.189843 31.484778 28.041873 101.195381 91.973807 25.374483 54.826262 27.598063 77.841904 32.303705 49.292952 24.167696 58.546128 41.145368 42.76479 42.994429 88.001731 80.873778 21.113214 35.531536 56.937646 20.467114 26.35033 17.942929 9.597808 60.521917 21.381012 54.810388 113.96873 110.676305 46.704932 75.066981 75.598469 8.979221 71.086282 53.171217 18.129525 24.557973 9.171043 17.84766 75.957467
0.01 71.136245 35.30428 123.442031 46.582606 65.107764 65.873355 35.716035 76.99751 91.286453 95.309296 51.58792 25.518578 126.285717 76.749236 17.20158 21.767019 17.99262 159.46478 20.637053 76.545507 22.086754 74.396804 62.014641 71.57429 40.152822 79.403777 97.38708 36.789129 42.369651 79.198734 45.600058 37.682817 18.947295 16.064415 62.293379 24.756823 54.272239 22.488307 94.078542 12.756756 107.468339 72.419765 6.86256 64.878934 46.153739 36.148716 28.178827 12.346462 22.761894 32.59378
0.01 103.464506 32.390452 62.234965 31.943725 24.705668 98.043857 74.781976 42.580729 61.672809 49.859059 38.70571 21.519387 85.364667 131.967552 42.6917 28.067836 35.44345 28.412612 5.353714 96.785769 16.705273 34.049955 54.833301 120.755402 42.914441 68.340284 116.555361 42.185499 76.460097 83.854169 19.580337 29.637008 37.896549 10.796371 68.027018 17.86491 44.36885 46.940838 86.438267 29.862206 74.437391 62.000202 13.572816 82.150658 128.740104 41.461821 22.478555 9.211681 28.376616 82.416061
0.01 97.801111 34.646035 69.33386 29.561836 54.244164 82.90293 27.263259 62.346481 26.121101 124.354141 32.993553 24.974119 122.048639 35.831592 21.472215 31.59725 28.083541 80.078346 25.669214 83.452188 25.732058 49.620237 63.475676 78.252416 44.814756 66.219429 41.129183 37.928028 52.746227 50.554849 23.644298 29.306885 34.63672 20.167095 73.580701 22.008575 55.243609 49.603041 106.401434 27.211491 59.385448 87.815129 8.440687 90.530942 100.715325 28.370866 27.647773 10.238901 46.884308 69.132526
0.01 56.097589 33.489061 70.617308 31.438963 64.201937 67.013633 36.731705 87.624768 92.358023 57.947895 41.452377 10.932414 71.109757 75.747174 35.103079 29.864649 23.900361 86.434444 18.860664 53.811774 10.697787 89.363824 62.581471 44.017716 60.425026 80.009671 112.994142 40.075636 43.211795 41.645324 20.556163 28.611312 32.167891 11.437714 57.180744 15.056917 58.830736 32.440516 99.782698 36.114468 31.708939 81.799126 11.429346 87.197518 100.447617 30.892445 28.245766 10.347372 26.110405 102.718674
0.01 57.879954 30.989841 85.94091 47.164277 57.965722 98.508098 69.867896 43.154799 45.811254 124.354141 35.861766 18.585474 97.145961 143.503114 20.106891 62.145523 21.599817 119.620709 31.222638 62.856924 10.519328 64.292641 53.090663 76.375524 62.294988 53.656767 81.486645 18.584411 13.510497 65.119914 34.112221 35.511256 18.839196 9.105559 63.55845 15.730223 47.440621 121.433939 117.088596 30.414452 61.087106 81.800048 12.056309 109.127974 86.12842 19.28636 23.919177 10.890501 22.761276 69.111949
0.01 81.659881 32.855755 34.781657 41.513976 55.98197 81.106127 30.727386 65.538915 67.381551 119.699459 33.474398 18.457606 27.033835 90.864672 24.943242 43.142082 36.977453 87.007029 32.303705 45.253136 11.705769 76.205864 44.25438 54.577505 80.248583 61.587947 131.073737 25.09556 77.843453 26.944022 30.263315 58.166952 62.637473 9.678925 73.101061 19.736998 65.660348 114.399186 99.159814 41.688456 35.299192 60.94351 12.485078 73.49128 68.716101 26.248563 27.639652 11.607755 17.379129 50.259443
0.01 31.781448 35.85494 28.771779 56.55874 64.944532 85.049601 26.316848 44.077534 69.141519 35.666779 26.52885 15.903944 57.222688 71.07156 31.822717 30.244304 35.886136 150.051794 31.002376 24.981859 23.993578 99.952746 47.629714 101.354958 51.563753 66.513214 72.790461 35.195217 67.685207 41.811587 34.496737 33.704027 20.580766 10.38856 56.284068 10.611008 32.48714 121.433939 92.535421 32.15395 83.263099 57.23904 15.681722 69.226745 83.38464 6.669776 17.780555 10.976159 8.351847 58.564743
0.01 50.668632 26.567839 95.922219 52.21 58.185333 90.364209 41.688747 41.516042 60.69588 40.040771 45.471677 37.15663 40.355765 141.368421 37.369902 38.729179 45.303967 119.142892 11.493053 69.778491 26.513442 113.218301 49.713433 87.643111 65.395134 71.602734 46.877359 52.723935 18.974475 47.182401 28.165448 36.707193 10.945661 18.817313 72.000424 13.991592 35.163771 48.608596 92.622274 28.513225 80.414745 85.318382 20.735224 69.813125 62.604649 25.555663 21.760126 10.6386 15.799011 49.919884
0.01 64.065683 31.544059 72.458862 38.628179 51.0096 108.578393 83.895271 75.612557 39.580771 34.261153 43.797973 27.846079 86.858448 108.010579 27.095138 18.367621 34.912339 56.664787 32.303705 43.750822 22.678271 26.411231 54.101206 84.493898 66.390647 81.739534 51.720999 29.195185 39.680365 80.468109 23.611632 23.052618 57.147242 12.09931 76.057428 16.59183 42.074658 68.325063 89.359323 25.167334 82.449543 70.775959 8.620364 88.06239 82.179249 18.768881 24.048025 9.651599 17.707693 70.515864
0.01 73.3536 27.255259 70.477072 42.378513 58.063414 98.868842 64.1781 93.120322 69.571184 45.588604 27.520402 28.572819 117.313064 52.982167 8.453809 20.039765 15.910597 126.898435 5.353714 100.115465 27.180467 26.411231 46.604461 26.804699 51.491207 59.851714 83.674053 48.190825 72.856594 57.876184 32.926189 54.300959 10.945661 14.28703 69.676531 15.027521 45.387755 21.996766 101.490393 36.289809 35.143145 67.957796 17.477446 86.045306 62.554026 34.825793 20.217342 7.77733 27.713297 99.678263
0.01 38.670516 40.797825 71.637469 28.668442 51.132529 94.57189 39.071312 83.72886 74.587184 124.354141 20.274495 35.052155 117.075561 82.667384 27.730648 61.568918 37.090283 45.16829 23.223773 86.35184 4.526809 84.389869 49.557228 93.316829 55.134504 68.174165 92.927025 37.029623 50.744709 21.228478 36.941931 37.850722 37.790671 8.487042 73.666212 16.425138 36.180605 39.752805 89.647411 28.356558 73.907049 78.485531 13.917484 87.518991 114.684432 21.670503 22.768598 8.652508 33.59546 112.837916
0.01 121.617317 25.38986 57.946569 24.125479 61.235792 84.702959 50.906817 46.733101 40.803034 102.038835 61.176293 21.419172 115.644062 53.810201 40.352849 22.73618 26.561371 122.182408 22.606118 48.645061 25.351529 82.000016 47.786224 62.692359 74.912306 48.819632 70.16414 39.712382 68.809594 66.200698 29.591389 40.390909 48.209454 17.615429 68.207656 19.402102 47.708957 21.996766 111.850279 37.900744 107.468339 81.150168 7.890976 80.693389 111.286803 14.160872 27.919291 9.181242 37.952808 50.234821
0.01 64.186223 36.673426 24.934612 60.852 60.417506 74.751558 56.93442 96.493901 47.574515 53.696241 46.215899 37.15663 38.614168 116.760434 19.331398 45.16579 17.735724 70.228956 17.804781 31.551503 21.700521 111.893588 51.02125 91.155966 94.473574 60.291036 119.062412 35.700577 25.646877 97.15099 23.617155 26.419079 32.188901 21.201746 77.617147 19.823959 34.054996 102.003013 114.408164 31.560371 66.670802 70.801804 15.59638 67.529537 71.6629 30.13789 26.572169 11.951589 11.212215 92.048287
0.01 42.995203 38.08082 36.581009 38.638403 48.416547 73.982003 68.929036 77.42914 82.767259 21.933854 42.620751 16.598473 120.092559 106.401031 23.135952 26.881486 38.234945 119.752359 19.248366 19.315299 18.465842 103.430414 55.125209 20.941502 63.14939 82.851945 70.493743 38.884934 77.843453 49.297977 32.989951 43.855368 22.993794 11.073323 69.607098 15.000578 38.051705 69.983527 86.761535 31.204022 107.468339 74.446712 14.214486 67.019583 79.959707 38.798182 24.59531 11.821769 35.379197 101.839012
0.01 43.271802 31.219688 87.523726 14.601377 51.272113 62.578718 57.138859 83.246035 74.136295 85.765855 12.821042 18.599991 59.486226 27.684721 23.293115 31.398325 35.515167 45.897909 21.665277 60.550868 17.459686 129.007835 47.052534 103.813625 26.85373 78.178637 87.126958 33.664435 59.675362 60.64931 26.863127 41.859961 18.71673 11.202733 64.136344 11.666197 41.21556 88.787758 104.547825 45.355964 82.23727 88.583803 12.022014 99.239087 67.00706 21.237426 27.31958 10.920098 16.50578 68.83352
0.01 79.954528 27.868113 109.785737 13.494117 45.532796 103.098021 65.78959 102.685712 65.637881 80.287294 43.302258 20.078501 103.478742 80.040169 21.648079 27.421001 29.411726 73.85782 18.141736 75.905056 28.046053 42.850577 62.27583 85.466064 33.633459 77.349995 32.410956 34.795495 77.843453 93.391854 12.260053 39.481078 38.197502 15.268489 88.071261 19.356056 44.058212 114.507995 92.638597 19.895605 66.036398 76.730357 18.772112 84.06757 79.202063 21.968868 25.550282 8.573371 45.578278 50.998374
0.01 22.497138 37.661856 60.712372 66.451177 58.251327 62.528979 56.574916 82.925454 68.457008 94.279477 33.371159 19.842292 35.636423 116.487654 33.212884 21.051262 39.338007 88.0374 15.27159 88.927742 18.927901 100.855743 52.025429 100.373106 44.971285 73.513521 26.769091 37.981667 66.142229 63.926526 26.919593 43.782231 10.945661 8.423194 84.294646 12.867963 43.965471 114.528424 97.742344 34.831523 38.165114 60.141742 12.297313 51.878927 77.618351 23.810603 30.069081 9.775687 33.83404 96.928708
0.01 121.617317 27.375712 79.596354 31.037722 36.067457 82.361703 85.077286 42.805763 51.271537 72.40404 41.110226 16.450467 96.45175 137.951245 31.690481 46.615826 30.381045 130.947309 5.353714 81.091606 18.949399 123.908022 54.868802 29.741647 48.606714 69.808104 75.796145 36.517092 38.889331 37.222288 21.050105 39.725726 37.625946 14.849549 69.433882 16.453466 43.592344 44.925633 94.082723 23.205727 19.531789 69.726652 6.463907 83.682401 83.291078 20.491201 29.243236 8.367524 35.751322 81.235249
0.01 64.752199 36.427165 49.81712 27.471689 54.80906 63.133471 22.263169 93.890892 34.668492 25.547179 41.517388 18.799406 91.321846 78.393286 25.885799 19.690234 41.533097 72.694054 25.636059 49.301245 28.507616 104.210121 35.425184 124.237401 52.39048 86.515476 146.25274 41.006562 77.843453 76.935119 31.715593 37.074137 18.141461 9.854885 81.105647 11.000893 32.203354 77.929683 98.783794 34.679277 24.698674 79.148024 19.1113 90.657724 65.3871 18.713501 20.448449 8.117492 28.665533 69.434344
0.01 84.257407 33.532051 54.58882 28.649396 57.16992 61.334954 49.637832 86.282282 60.627272 64.678795 19.024342 32.121634 63.719845 120.295354 25.252291 24.086819 35.970187 97.233188 19.032058 81.129563 18.692693 76.173691 76.009325 62.721127 47.585919 71.513361 94.001375 32.053491 67.50433 110.998126 33.910258 31.011843 18.600624 12.529828 89.910274 10.83351 57.541053 74.976683 101.611365 31.134531 75.734794 65.300436 13.477204 84.520874 45.433139 22.373504 30.328676 8.689771 29.785794 74.775213
0.01 68.794744 31.614908 51.159986 57.919463 30.377713 92.214514 71.589276 79.183205 47.104689 64.487995 11.293604 16.329453 158.563754 129.914479 13.370684 38.511043 29.186562 68.988903 25.533362 42.586964 12.028935 67.363866 47.290905 69.461469 48.706061 71.736763 106.232953 39.416644 30.275292 116.974915 20.936173 29.723611 10.945661 15.938368 63.302239 8.766851 64.519334 97.407641 105.510669 20.502761 36.939386 76.941577 14.292782 89.935827 140.150694 25.733894 25.625099 11.165479 33.162706 69.03067
0.01 79.82368 33.566201 57.525781 46.419663 54.771286 62.51886 85.118055 87.442727 59.162965 21.933854 37.189883 16.541979 135.117489 151.75789 36.282043 21.813323 39.216357 159.46478 5.867876 28.749242 28.046053 65.132737 50.45623 104.21541 71.784027 66.402906 132.929717 26.00658 53.788671 100.435777 28.340199 43.696706 53.869633 16.648207 76.857866 12.710711 40.457183 70.252618 104.928124 24.549894 88.711971 53.118055 14.536293 77.93515 93.280925 15.715896 26.572892 10.423842 38.389792 92.862092
0.01 67.940437 35.165219 69.324159 52.957119 42.48965 75.571375 42.341426 83.833194 57.481251 73.509403 61.176293 15.505812 158.563754 104.366969 31.927173 28.568379 32.096287 72.856333 31.502178 46.247624 22.676966 44.829853 55.65561 84.18737 16.856271 76.289133 96.051946 26.395653 26.280608 66.498371 26.100956 32.594344 49.094684 10.696401 68.790918 7.137031 46.311702 121.433939 91.278378 27.536069 79.040116 79.975693 18.001202 64.293188 92.288366 19.97065 23.148978 10.544773 33.873837 70.010345
0.01 96.689734 35.967873 86.030743 67.607658 48.091415 81.584923 79.015744 70.932313 37.12992 90.604607 30.663313 19.704187 71.577874 98.206026 39.57666 35.725125 38.825431 159.46478 16.95564 91.368245 28.046053 102.454496 50.574107 20.941502 59.355668 85.324572 106.518744 38.188821 68.922787 78.929231 20.46063 27.695117 55.745022 7.858662 76.869903 21.486557 60.715643 44.496719 92.915252 23.675153 76.86247 69.299904 15.511911 99.004869 74.842516 21.989794 29.539627 7.880584 22.033443 76.366573
0.01 60.686194 32.872929 91.933448 23.934429 75.913695 71.994295 43.713581 68.68667 64.516379 46.916869 31.285867 15.356641 135.148288 108.393582 13.492497 42.22715 34.534397 138.271196 10.163751 70.319328 25.959901 83.017806 53.719103 58.372126 78.805031 78.459632 80.402928 12.862302 68.240693 90.272696 35.462786 49.193945 10.945661 7.931818 80.193069 8.358568 63.411775 85.43857 99.449716 40.568367 37.180022 57.35878 17.473282 75.148856 47.482981 41.461821 24.018121 10.472378 39.660723 57.787555
0.01 106.670791 19.939751 58.195957 22.355505 48.691381 81.717649 25.684357 28.358005 39.088917 50.712729 29.76358 31.760458 91.060442 65.282264 27.048665 29.355407 37.167632 82.877491 5.353714 67.17984 23.073571 120.239303 58.396452 109.394844 58.043595 57.726555 95.955574 35.721141 68.687672 113.898204 23.853689 26.291158 24.346211 14.474888 65.807842 12.856407 47.12591 89.23184 95.814744 39.173408 19.531789 64.300537 8.273094 77.405624 114.411608 32.470321 24.09053 9.127036 17.173143 72.850066
0.01 121.617317 37.526644 84.049942 21.191208 59.888557 90.718573 54.546874 104.577033 63.194511 35.696385 40.289187 18.936063 72.641016 71.814869 27.162029 39.134479 39.822119 133.126481 31.746036 56.871851 5.223461 101.415756 63.798425 66.948009 36.564853 61.803576 108.731982 17.868969 47.053164 75.008342 23.682158 43.689144 51.95566 22.903756 73.814355 15.087753 29.233748 65.550841 101.754517 28.572106 94.852962 54.866294 15.455463 88.985394 72.264744 16.905552 28.871648 7.824345 18.512635 72.958529
0.01 54.972111 32.695916 90.170382 47.275049 56.334201 78.292697 64.629051 78.78475 64.473398 112.526681 23.513456 19.991415 158.563754 61.273205 29.934558 45.990237 31.283647 45.840134 16.627667 97.638034 12.520875 128.063366 51.127487 55.418473 48.150357 78.455564 90.588894 35.281289 42.889611 67.444272 27.64231 29.181327 41.737793 7.138358 65.402105 10.576609 37.006425 21.996766 79.318097 34.518751 74.261055 107.235401 10.720582 75.475634 91.453365 30.074388 21.237399 10.536068 22.910247 84.135384
0.01 42.185187 35.340283 41.987067 30.560027 42.170882 76.43372 48.597456 73.829499 70.946632 122.056771 57.414234 16.721417 59.476628 127.700453 27.939063 40.286026 38.674541 52.990593 14.736978 63.608511 28.046053 90.457079 78.029023 124.237401 57.318845 94.34099 69.945705 31.001714 14.77134 41.298741 22.413669 25.357787 18.841403 15.280054 45.761593 12.206583 34.042421 85.403945 115.066507 31.025881 81.653613 77.934044 13.002739 85.91142 119.786347 11.570722 29.721382 11.6352 29.883665 71.759696
0.01 97.081248 24.816219 98.456092 62.486385 50.076954 52.440231 50.313367 78.797455 28.887012 103.5946 25.517237 27.443828 110.278324 78.063815 29.513445 19.946051 35.752004 144.561053 15.233145 18.306503 26.671663 104.002811 58.665382 77.391524 81.96837 70.00534 117.921246 32.71613 35.934559 56.714463 23.254472 25.322062 28.022868 7.090575 78.311422 23.713891 49.365676 56.174953 87.922438 31.036671 88.343639 75.629517 13.837473 87.957064 124.829664 26.998116 25.138625 11.033251 42.310872 90.477039
0.01 45.205601 27.950239 26.631653 11.767676 47.363727 90.886305 63.600625 79.062387 59.12148 82.058383 25.125586 21.69714 48.667285 70.844027 28.68069 59.990263 16.240938 136.243514 15.630966 91.742252 18.754657 112.485053 59.017792 103.190711 44.745059 86.889263 124.297165 10.440579 73.467046 60.083691 23.011928 33.157392 21.333776 7.333659 79.600912 15.032747 54.375409 70.093435 101.595746 25.767438 103.881274 78.624803 9.159477 72.234567 77.600079 23.389739 28.241112 9.562734 23.4506 92.651323
0.01 58.516393 30.224871 45.92628 44.17182 62.975844 105.01589 94.709856 36.191449 65.850854 124.013288 53.369604 23.58142 158.563754 63.669435 23.443173 28.229989 24.730244 120.917073 15.048956 44.699639 7.890293 61.019217 70.510284 30.631726 73.976116 82.948336 76.876538 27.926033 16.34494 52.482633 30.614889 33.749775 40.118928 11.584809 62.151277 15.053193 42.476734 72.00887 97.14392 33.141577 24.357833 78.231559 12.374767 68.956867 118.762677 13.675387 30.637505 10.061879 32.334308 91.347868
0.01 30.352666 23.400921 128.133156 43.944074 55.429679 94.518376 57.387203 64.806459 53.457249 114.371096 52.458205 16.560238 64.12979 118.975472 31.202007 21.660973 35.405697 28.456839 21.755521 62.450114 10.326934 90.678649 61.393414 68.757804 41.515963 78.9294 110.850574 30.411035 36.881711 57.263946 23.871847 40.32139 23.271525 11.418906 70.655223 24.409303 58.122001 79.159902 83.610851 32.993008 25.146155 54.813294 10.485914 77.724623 73.620531 19.214299 22.28026 9.428939 32.602846 54.087176
0.01 67.366804 37.369299 34.767814 16.749885 43.308725 91.106097 37.431149 83.306034 51.871238 94.249202 44.687276 17.409705 128.586134 67.650158 37.150268 37.908845 33.714709 28.849222 31.711817 57.702246 5.46213 82.139926 61.144615 115.342855 79.871984 78.200589 91.37941 30.850127 46.777572 98.703605 19.047316 37.5313 46.395773 3.86073 71.907464 18.59691 67.155693 30.599777 109.789386 34.266586 74.344726 72.162785 4.108121 101.720662 68.471687 11.261202 25.240634 10.09615 37.21644 95.117284
0.01 77.141216 35.591029 59.172593 44.46616 56.978334 80.827397 86.996822 82.516684 61.142524 104.241018 41.170213 16.338548 138.498168 59.586702 41.878655 50.458587 38.400329 43.940166 27.457406 26.74751 14.122508 56.751217 60.106634 124.237401 65.609744 66.177652 78.295794 39.86933 19.437291 74.624798 37.85899 36.88109 40.073395 12.583094 72.156299 15.858679 45.76292 87.444639 86.152747 22.953315 72.376431 71.980492 5.253625 77.573047 85.973935 20.799773 28.01224 13.41666 26.572297 60.907207
0.01 44.215774 31.943721 64.493431 23.206792 50.38332 109.071947 61.563443 88.180415 47.329693 21.933854 57.455851 27.664031 103.066227 27.684721 28.076942 23.984767 37.089017 150.560777 17.648155 42.811384 10.544937 146.354605 58.322617 58.196435 56.349039 75.736563 90.581522 27.138116 54.670748 105.112541 26.094358 36.474249 42.756297 13.365594 96.371371 11.93536 75.484239 121.433939 101.773731 23.976684 62.448863 72.283508 14.525034 69.48631 74.114289 19.029478 27.614772 12.502125 9.576458 108.981683
0.01 38.524415 37.914195 132.947421 53.712161 43.552495 103.746207 87.301637 60.783462 52.351944 107.163847 45.049608 30.891346 58.15661 86.023552 38.128574 47.244799 46.266567 159.46478 18.313012 68.212986 22.961076 100.189 71.557021 67.736231 48.67092 76.248829 116.576529 18.914505 67.828726 51.953553 20.016958 31.502245 37.778654 11.685886 52.097716 17.188296 65.772693 53.677051 83.524578 18.807337 55.268426 71.226698 9.597308 81.764557 76.618311 41.461821 24.3242 6.731041 11.090184 69.787165
0.01 104.209454 43.629859 106.234019 42.386787 73.329325 87.736588 70.56457 62.309328 68.704819 67.667031 27.369137 7.31976 98.421707 91.103334 20.205907 32.832573 42.980879 37.396082 25.408675 35.541066 26.186293 88.317771 70.630108 124.237401 47.922383 60.639261 45.926924 33.128846 31.099305 77.499831 28.248589 33.555788 27.873038 14.598256 67.336169 15.571331 27.66801 31.100398 98.894391 17.625365 77.87612 77.4641 8.600105 77.393176 69.608071 37.222883 23.958524 7.782381 31.570518 37.810724
0.01 88.157914 24.864476 88.719503 32.008004 55.003399 108.083966 77.318484 82.178101 75.21655 113.635565 42.45304 19.514316 90.075877 95.503182 25.005209 48.599884 20.732273 151.935357 22.205145 92.121501 8.072193 125.726432 62.04591 85.47231 34.137602 75.611152 87.585967 30.431867 13.510497 63.43313 23.28415 48.217669 62.637473 15.412761 70.16522 9.980403 66.429941 40.882237 91.147422 23.628681 53.844648 56.03437 18.325468 77.687359 99.765258 9.834164 27.269048 8.880151 29.722997 106.298538
0.01 87.598211 26.029533 23.26787 35.573494 33.502234 94.970406 38.560547 42.442153 48.325169 62.461994 22.935658 24.638089 86.88067 80.34641 30.69544 44.494259 42.756043 31.599225 5.353714 57.206905 20.427451 27.460957 42.925363 24.790885 65.632569 55.298705 34.306765 36.408309 77.843453 43.44288 32.693105 34.630433 20.898456 19.049829 58.742235 15.388094 36.323495 21.996766 90.567478 41.447536 47.389607 75.101596 17.714915 83.261702 105.887662 22.613563 23.363344 10.500824 32.219298 62.106562
0.01 69.555604 30.135079 79.111468 53.044859 50.283984 79.848667 48.351022 74.351706 70.720472 91.308342 36.384514 8.408473 57.880472 158.040515 31.049286 35.465122 29.176985 111.998382 12.699524 53.015402 28.046053 55.789032 56.304588 65.779639 33.772697 64.593923 71.65416 32.454307 30.109107 59.685822 33.445493 35.520581 52.632874 10.516299 68.900067 15.131142 45.744648 121.433939 99.220232 38.931221 82.154594 72.731612 9.880783 91.931034 65.082893 13.619883 22.236695 9.968841 8.351847 67.37876
0.01 112.195616 34.051465 52.357177 30.755788 62.968245 80.463742 39.733033 46.074787 72.775194 78.491012 37.041164 26.831554 143.992267 99.653117 32.235051 62.145523 27.599984 68.635767 17.58571 67.894515 28.046053 88.424002 41.228557 124.237401 89.616355 69.73666 105.746585 29.469999 71.634279 57.242424 35.138845 29.527577 11.295835 12.830519 80.356521 8.540443 62.030601 69.94018 89.309521 36.272342 72.277822 107.267589 17.216776 83.058755 84.058966 6.669776 24.562433 8.827357 37.070883 29.932263
0.01 49.026966 26.446063 57.719369 56.920835 53.641808 79.36117 68.381079 91.353365 64.238798 74.946364 61.176293 25.22196 158.563754 98.862078 20.68675 49.877427 30.14318 28.412612 20.89813 25.703127 16.721288 95.899619 69.597625 83.877672 28.70695 55.876232 97.285992 35.152079 42.947169 64.317782 33.326248 36.704922 55.588346 12.74417 64.294716 12.429156 34.33907 88.970566 108.499485 32.267365 43.285218 65.420432 9.842571 78.871058 107.029124 38.773661 29.596179 12.132796 13.337672 87.611943
0.01 61.224957 30.416137 68.681507 33.874935 53.349305 64.005646 29.583796 79.44884 59.828385 103.361119 13.807452 11.585414 84.746756 48.211525 29.893869 62.145523 25.776934 128.332854 29.138369 17.962106 14.110719 135.507097 43.34974 20.941502 16.856271 73.481324 111.304212 30.644624 77.858887 70.93778 18.893734 12.276054 57.458109 10.269336 79.95408 6.843088 43.397375 62.239116 101.673184 23.695865 55.12888 76.529605 5.772082 66.111433 95.850448 27.725746 26.4742 10.176787 28.146304 82.849618
0.01 55.218375 27.798784 92.794411 24.370355 57.32276 102.254666 64.084425 76.282444 42.419171 124.354141 23.325543 26.697367 158.563754 77.121354 35.743396 34.111421 42.044188 42.970534 23.001624 25.120709 6.964747 108.633412 45.371701 104.499718 41.237574 48.012375 94.659088 50.945225 45.512635 34.218712 21.75538 34.005328 26.842354 12.328603 59.13651 14.420534 62.154895 21.996766 104.000508 24.915349 42.721631 63.440367 19.366118 65.932392 124.351935 40.626505 30.185683 8.931925 34.689589 70.540678
0.01 50.634783 33.523439 100.085704 33.603816 74.021549 52.426659 58.184263 87.433841 53.19868 111.570881 40.032682 27.467675 101.395957 46.575515 33.411426 38.906558 24.966149 108.816098 14.270779 69.0839 27.121993 90.400549 55.209608 66.599172 35.619818 99.976869 50.844081 19.838725 77.843453 38.782016 33.665788 31.468427 46.150106 11.615171 56.887105 15.963575 66.299037 96.933065 99.501891 37.431022 69.870187 84.451227 13.827298 62.411861 129.199072 6.669776 28.983129 10.169705 17.094999 92.24479
0.01 30.728752 32.343454 56.25502 46.022107 22.247746 63.266052 84.402247 102.909705 49.415411 65.466045 42.409693 10.718409 30.962474 98.681534 14.10239 28.082781 26.241149 67.049284 19.200462 89.912594 22.917305 101.162739 29.798899 81.50009 66.057167 60.625674 50.001052 39.266383 77.843453 68.172122 30.735246 24.40157 17.476191 9.404788 59.478575 23.812214 44.938842 21.996766 97.24253 39.681824 41.922311 64.472388 15.020375 87.985421 56.342418 26.624899 23.665218 11.23328 43.086954 81.814477
0.01 66.524736 25.752719 90.305258 19.323956 36.227887 71.009805 75.178429 70.738551 69.065842 106.154908 28.063888 26.426022 158.563754 101.210209 27.298388 43.091504 41.361254 129.538271 32.303705 40.431433 16.488572 155.647409 45.145367 97.140865 74.806367 81.028874 88.77645 35.432391 51.327577 79.243972 25.903058 27.574247 42.694774 14.282791 67.643485 18.118402 28.104146 69.210749 92.167647 35.703398 25.688549 67.179875 13.044511 78.380445 86.454449 23.208776 23.484151 9.531002 33.253845 60.129681
0.01 62.538316 33.509548 111.239287 43.120805 21.743297 77.119591 42.123682 91.402388 36.15936 77.031033 50.038075 24.060696 77.318936 35.123502 26.716665 28.324431 35.932584 94.502627 15.793176 65.634483 22.247898 145.654776 44.153691 107.88257 46.635011 82.234783 73.675242 26.678536 69.497532 60.197279 27.508945 44.986149 39.010806 11.175633 78.984324 13.413956 39.959748 88.846889 100.992084 32.165324 47.9505 95.772555 11.007639 77.299683 129.725681 22.036226 20.970414 8.66657 17.329431 69.978399
0.01 99.080653 30.285316 116.109335 64.761092 48.168849 78.296504 44.189582 64.166071 59.653835 45.746693 36.662135 22.964686 27.033835 88.327218 17.149275 26.163617 33.799973 86.20276 24.838153 18.115433 28.046053 78.398208 55.522428 66.214952 86.528877 64.281875 129.739182 27.050646 36.71323 61.491385 18.91755 47.072546 10.945661 6.462244 69.800799 17.297554 44.551089 47.209464 89.931087 26.06959 48.566123 85.707195 16.675589 71.163378 69.088603 11.347322 27.59761 9.242585 22.014197 104.389511
0.01 58.84949 33.304515 31.392473 29.743469 60.601681 83.068706 81.663797 87.27018 54.700388 76.835786 36.074543 28.753635 27.033835 34.281803 33.269146 58.264612 32.041524 84.253935 16.814794 63.797644 20.023777 136.019242 33.365755 99.967784 30.148958 94.974331 65.483958 29.261079 44.375678 97.132449 39.514485 37.24749 44.148829 5.164051 70.137135 18.663677 36.96732 21.996766 80.726882 25.753337 71.565696 64.161846 9.516321 86.163751 48.343733 8.198247 23.10326 8.198401 41.944882 65.971557
0.01 99.990953 31.941973 48.736121 29.769328 46.837942 61.243691 43.015662 42.423516 32.269215 48.197224 18.662636 19.620358 70.075711 104.417728 38.239719 42.664463 45.88755 59.725547 13.248466 68.869058 8.812773 44.023231 66.692995 70.795287 75.437486 58.321235 75.502589 26.215726 38.950212 21.228478 25.263887 44.917445 10.945661 12.90444 65.303439 12.03616 53.560081 53.221337 98.444808 30.985922 49.280467 80.251222 5.489307 84.257738 100.347381 11.295352 26.665761 11.902835 31.115145 83.285364
0.01 86.213015 31.92451 39.316073 38.795011 47.206994 81.299391 60.368432 53.821189 39.85945 21.933854 61.176293 15.619141 38.423028 27.684721 45.555623 24.610477 41.743345 94.423469 32.303705 45.385547 24.60856 126.664681 62.019355 55.578956 47.829072 65.006221 97.115513 25.41796 65.890014 44.831972 24.952314 36.524277 19.148563 15.580903 70.783571 12.652132 67.11558 102.23973 109.098463 41.871617 80.442754 74.626825 16.749583 65.982159 89.425885 33.306015 25.410344 9.47405 28.461608 64.901355
0.01 80.26624 32.070941 80.381771 27.653847 36.25197 97.617437 32.916208 85.918958 54.981574 93.891334 22.704372 13.391125 124.339915 161.621338 24.373155 36.099605 24.210408 69.089103 19.848672 46.804878 22.357712 85.647772 60.677318 113.693429 49.429763 69.549293 107.118173 31.735372 62.970013 70.725501 30.179921 39.129359 32.998012 18.172035 59.002634 15.973142 65.481694 21.787049 111.736687 29.992157 57.637051 42.521637 14.959715 63.309513 40.592158 27.958918 26.040581 11.653583 33.556903 103.406633
0.01 59.297699 33.635723 73.355415 33.266809 47.439058 67.240838 43.708814 42.760499 61.242894 93.197043 61.176293 15.797821 127.654919 86.033876 30.943435 20.350104 36.058066 82.021558 32.303705 66.735555 23.58392 65.326726 39.253994 35.027609 43.261341 67.61725 97.084982 43.996826 24.796435 76.622286 40.200142 41.032192 20.285108 15.173622 67.592962 22.786862 30.339953 21.996766 117.560857 38.213186 83.344357 81.628307 13.147154 75.778198 116.533104 11.633738 19.152752 9.152811 26.662006 67.831371
0.01 73.659742 36.374452 70.139595 30.753491 69.734827 75.765054 97.667794 70.739524 23.673024 72.689792 28.429577 32.453471 119.307055 95.53011 41.288161 54.363571 31.659065 60.123687 20.216315 62.633222 28.046053 90.122417 71.49789 52.533561 67.402628 59.611519 125.032348 15.168345 39.074776 21.228478 22.237331 31.591423 56.123886 15.055666 77.998656 23.030995 57.348105 117.505583 102.025901 16.793792 51.952215 96.132277 10.538709 68.151881 140.250337 14.934135 25.742966 9.375215 41.01296 68.472624
0.01 99.443914 37.341112 82.200365 28.753475 52.44792 97.575362 78.127589 44.182549 35.23079 62.287594 29.596251 22.363034 46.405824 30.727372 18.165656 33.98792 29.844305 87.048488 21.600939 89.724587 23.792798 48.251101 54.446452 83.870443 68.780646 70.302474 90.168912 33.030756 33.910338 92.612207 24.737913 42.400354 41.798173 13.753517 58.091588 13.710503 50.008731 52.911887 87.686708 19.333734 53.310969 78.497434 11.713241 69.427102 77.304179 10.204416 18.933048 11.316254 11.549621 96.692134
0.01 98.740877 27.064378 64.219387 32.467054 43.57607 82.075566 79.374308 65.111444 53.30185 86.466977 23.923444 35.583834 85.903335 143.25071 29.492768 22.915688 29.389514 43.784368 23.20866 62.160009 4.526809 32.394162 58.350657 53.146 56.719085 66.015375 78.418122 24.224776 13.510497 114.392079 33.981845 33.433333 52.203219 16.385423 73.048783 9.25627 41.888156 74.331632 117.552297 33.44422 29.12666 76.104005 7.479681 67.241677 78.052174 27.372215 18.718638 9.332862 21.226314 104.737453
0.01 21.241568 28.946007 51.856615 23.188998 62.466121 96.03773 42.65994 32.367484 60.692032 21.933854 42.691428 33.816625 123.226969 97.774711 45.134208 33.527371 35.55788 28.412612 11.294442 61.501743 14.851962 129.649893 53.645654 85.233882 31.422561 53.030704 103.288314 20.320238 50.844385 86.60754 27.029436 21.257213 49.557927 14.767461 50.082706 21.156378 48.763494 59.32351 86.782036 51.412633 46.290852 70.38387 16.444799 59.884909 134.033614 18.044674 28.645478 9.158198 30.780563 69.062624
0.01 74.525219 29.255118 86.351961 34.527614 64.868541 71.768439 50.716212 101.737421 57.252793 83.356952 54.811314 22.249088 67.690178 125.336646 25.130895 30.413189 32.431523 94.795785 32.303705 56.923355 16.273449 68.874802 54.353069 57.669005 21.940841 63.098379 91.797504 22.624114 71.389463 73.705544 32.239514 33.27692 35.452294 11.633608 58.435527 15.524345 38.952611 21.996766 88.372817 34.473664 23.973607 84.938041 7.244495 84.483387 95.142682 34.181671 23.839126 11.741364 46.884308 99.920801
0.01 93.708681 29.669675 93.828853 29.78765 70.568638 77.525572 21.510291 80.847806 61.565863 48.572472 35.040964 25.606065 110.147015 117.79848 22.597093 43.809987 41.697878 86.397933 20.798064 43.40979 20.448972 107.773126 68.646604 20.941502 55.708612 79.071355 97.26132 14.050389 26.73422 50.007157 24.433655 33.256019 26.468499 14.600236 71.049451 18.627135 51.721143 71.418129 92.640952 39.094285 61.2406 85.639801 8.61054 70.777173 85.928455 36.36424 28.632262 8.086452 33.249895 79.570288
0.01 51.293375 23.114383 52.04687 32.87814 52.971315 99.880238 42.691258 87.323387 48.588206 84.771144 44.509529 26.488693 65.671443 72.16889 24.894664 43.070377 29.357427 79.553563 8.609068 61.397116 28.046053 83.621455 57.309469 64.053217 20.965667 55.148159 86.462241 46.544124 68.72982 59.012676 19.230925 28.179223 31.597377 15.456436 72.289926 12.351742 53.229482 40.170734 93.036664 24.519154 55.770187 68.730971 13.143454 70.316381 32.374486 8.244338 24.496262 12.310742 33.038478 73.364025
0.01 84.728841 33.450285 70.880616 38.090339 47.332945 57.580809 55.112288 59.204786 62.07771 124.354141 18.275097 20.403219 27.033835 124.090996 22.416426 62.145523 33.253287 122.451059 20.252304 51.942681 21.652856 26.411231 59.300692 39.403618 63.504293 80.442942 89.425557 35.088608 41.243852 67.844881 26.145077 22.087112 17.4614 9.14804 67.656225 9.136845 29.877367 26.97489 118.372933 41.376413 45.921184 86.918189 12.47907 87.136607 40.205758 41.461821 24.932832 11.978974 33.647856 57.632514
0.01 121.617317 26.493509 44.502306 67.607658 64.71618 52.585328 23.749608 33.485584 82.718459 99.285349 24.281022 25.984965 139.038613 151.357465 18.991127 32.665704 31.992321 100.109356 15.99768 75.688662 4.526809 155.647409 32.495454 69.457861 62.925612 53.295375 67.443868 44.121254 40.67734 80.810893 17.260895 39.3186 41.22372 16.613115 57.447837 18.836597 42.576377 58.375365 95.56393 14.233678 45.601624 90.742157 18.756584 70.452011 78.674933 21.893686 26.970858 9.746991 32.426699 51.076252
0.01 106.737756 27.887386 94.009692 54.618684 35.724176 71.691191 47.978092 71.046725 64.628241 51.933904 34.457645 29.385368 136.28976 40.522639 26.519253 36.60832 40.154094 57.371061 16.691415 57.041375 13.324666 77.162185 59.792271 49.577682 62.384073 72.806444 89.975247 46.183041 77.843453 83.39448 31.113632 35.800435 31.726749 7.793883 87.520446 9.967406 51.597536 55.354709 96.583088 31.012937 75.736354 65.645249 9.972607 79.473087 76.555437 38.427377 27.900795 10.798758 21.928851 32.798833
0.01 24.43719 35.256892 92.700475 40.901843 46.398584 71.780543 29.219747 61.590326 79.341238 58.341589 38.121725 7.31976 138.860038 63.932199 23.991999 19.952841 36.243404 106.85692 18.858091 55.517835 10.870883 63.306025 44.740378 24.721835 43.975542 69.170517 104.626416 36.077985 48.7984 91.074416 25.166814 34.274391 62.637473 14.116962 72.370717 18.300074 43.552228 40.354913 90.717992 39.788076 55.748322 88.517267 16.064265 73.950729 33.51386 20.672166 27.744509 8.973492 28.817525 101.657679
0.01 76.25431 39.267514 49.78427 59.583462 71.773158 75.650073 84.675019 66.109201 68.412993 75.882551 19.57568 22.034797 63.038601 161.45685 32.345656 43.563135 24.713521 141.402935 12.739688 33.793502 8.012873 108.043535 58.787637 112.452322 42.738864 70.288096 121.166234 33.395745 14.518534 86.940433 18.746371 45.598699 22.2678 22.903756 75.502863 14.661769 64.299631 90.399764 98.864119 51.412633 78.101193 56.011845 8.316141 83.027168 55.302821 19.921619 32.280432 11.017165 25.489685 122.397925
0.01 40.666248 39.28605 30.404705 51.93773 30.013985 88.01463 34.317459 74.49169 45.149685 50.297501 19.033677 20.73956 158.563754 155.059463 9.968832 53.451527 37.88673 110.876926 17.273274 65.423405 19.088849 114.793416 55.381351 74.406333 79.1849 53.646068 97.904951 26.865262 77.843453 79.934156 26.836802 40.073816 62.637473 12.112375 42.315116 14.686617 59.314207 121.433939 87.757608 24.90558 24.5805 66.672222 13.906648 78.797712 83.09582 10.375963 34.804276 10.970857 21.051974 70.987907
0.01 59.652169 30.109804 97.861188 67.607658 57.877539 74.072812 17.920098 48.745447 81.373322 21.933854 18.973303 16.796754 123.377018 103.651954 15.994682 36.257072 27.828504 137.945837 18.001595 64.157749 22.612245 43.062995 63.544524 116.367054 33.958997 80.780351 148.944912 22.226224 39.106219 77.823415 21.207386 30.980555 25.356549 13.427869 69.21485 8.303967 54.713135 91.29596 71.988258 35.026849 105.938302 56.446812 13.310388 67.927348 54.360442 9.447257 26.907774 10.736239 37.420283 68.996435
0.01 93.004524 34.072432 50.91124 28.16658 42.728925 87.792214 59.812448 108.845393 39.800951 98.829189 61.176293 7.78653 154.716531 106.498295 33.618205 48.111051 37.622737 74.043208 11.201113 56.136838 15.830542 46.993686 36.648031 42.034643 16.856271 59.401081 63.67213 21.713132 65.752569 99.382356 32.05316 28.28779 27.398227 12.327773 85.621815 14.268537 58.78782 53.556059 93.067694 34.581753 79.343522 90.858135 16.396308 63.294529 39.759882 19.223133 30.222186 11.957543 46.884308 95.820541
0.01 53.815362 38.83058 57.82328 44.09487 46.229745 75.87175 50.555605 86.834535 43.861813 101.936039 50.956723 26.979969 27.033835 108.673918 24.22415 19.189843 43.965499 94.443566 6.374264 63.821818 6.71521 104.909213 45.879465 110.247246 30.316072 65.898658 59.714093 29.452392 32.459191 28.84505 31.678285 35.120317 62.637473 14.10183 77.524977 20.453608 57.834371 56.682003 94.825858 25.386246 83.841155 39.529839 10.031384 75.887877 140.833709 26.636818 24.232723 7.505916 35.169945 92.943908
0.01 103.262716 35.240973 45.855596 49.930823 68.190041 62.45348 58.457518 61.860932 49.952995 39.72626 47.894068 28.280584 158.563754 64.590003 32.248972 46.610584 38.681165 62.898826 23.893879 75.426671 21.942264 101.469997 47.009671 30.580622 70.279366 44.853576 102.183968 27.910334 22.126792 83.162386 25.414816 23.246242 54.807581 22.903756 80.89545 17.58911 48.630214 119.248384 80.134167 25.191735 55.697096 123.659232 13.817021 80.237999 56.116606 25.789943 25.145411 5.454516 30.202035 73.063879
0.01 90.974996 30.677652 63.256954 19.736117 69.214557 78.685895 56.120141 62.529832 62.63875 114.156453 41.16007 34.853926 151.837562 68.013624 19.968544 33.321179 34.435166 42.954506 23.698753 46.878399 12.705354 81.791162 55.017358 120.095516 36.326048 66.71955 86.539999 33.830872 75.070822 66.798358 29.591001 34.854983 51.456828 9.037805 43.702712 12.892585 38.78241 54.040392 102.393806 30.151692 82.041347 79.757706 14.02213 59.30279 106.160185 14.749144 19.982076 11.030504 42.218722 48.655117
0.01 107.366632 34.791405 60.152062 11.767676 78.511161 83.821668 52.373066 74.677381 80.853052 80.134115 40.648338 11.812151 113.435552 126.715791 36.341554 16.402025 17.942063 73.461104 24.720964 60.716729 12.88184 64.77866 51.113354 41.455227 65.617368 58.150645 85.82763 18.534729 13.510497 88.204267 29.45499 40.751576 39.223774 3.86073 82.061546 16.779167 36.499621 29.596598 101.063114 26.580203 65.357337 92.164437 13.915421 81.061674 59.95734 12.135807 29.318154 10.032929 10.925119 89.740825
0.01 98.375383 29.915541 68.084228 37.347002 62.449842 76.920848 47.60722 67.87004 73.623629 88.84206 17.96664 26.50115 132.771299 94.5061 22.383726 31.978592 28.538077 125.220013 25.337611 49.556783 20.637487 67.035395 35.953201 33.479473 32.576942 70.928282 145.323739 43.270353 77.843453 88.854442 32.141947 30.365748 39.352506 20.709529 69.901163 15.072242 57.348716 64.144861 95.792246 36.34812 77.655187 85.11661 7.681279 81.998019 105.956371 13.815556 25.569177 5.841591 16.7477 49.442192
0.01 90.163264 21.786287 42.304236 36.568204 49.932183 85.196577 54.390472 63.571197 70.343453 72.189616 39.126195 26.433861 27.033835 161.621338 37.727068 35.000345 30.168028 86.156301 32.303705 71.049765 12.836984 122.531246 63.587862 20.941502 40.819728 62.099804 116.912021 45.897107 53.388636 40.340375 30.727742 34.088432 10.945661 7.05485 85.149659 11.615823 35.368767 45.622066 104.15451 40.334209 107.468339 71.379421 14.387586 87.079385 39.460833 19.295488 26.274327 11.349187 20.305266 74.429481
0.01 82.695949 29.116077 90.598209 15.46191 59.266513 105.01531 65.113148 74.376115 60.408105 48.307299 19.147889 35.868205 27.033835 57.444925 21.097455 43.271091 25.079701 71.760162 16.832364 24.798218 28.046053 43.940658 53.440073 20.941502 33.610948 73.075707 100.222001 26.209794 50.946337 28.992817 30.898932 35.169345 45.913438 8.844183 61.45337 12.356726 45.727223 49.304841 112.255738 28.058884 83.529649 79.736302 14.869165 63.03401 66.363924 21.925889 22.926638 10.728293 26.285248 65.526479
0.01 54.432515 30.107383 46.308279 67.607658 63.486626 86.851374 68.341112 56.334357 64.560068 89.693003 32.894017 24.708513 70.241552 67.922114 34.192344 26.226074 41.549621 159.46478 29.389784 32.497093 14.549482 79.856793 43.973711 65.093127 73.000651 70.264807 86.738198 31.358289 40.09279 111.737498 27.67411 34.794776 54.44893 16.784343 71.239888 16.048693 49.736316 115.461357 97.736712 23.429469 35.337403 66.071521 10.553 77.103924 101.013791 27.574617 28.68989 9.565155 27.147518 43.491778
