64
  0.015625   65.4915   21.2658   73.9081   38.9402   44.1523   73.1237   14.3247   50.3089   44.8375   39.1069   14.7419   19.8801    31.885   32.6346   20.3678   39.3478   26.0977   70.3229   9.71401    32.943   5.59067   68.2119   51.4123   24.7998   40.1768   58.2418   56.4275   23.7375   30.8289   8.91782    24.089   26.7178   43.5436   10.9767   47.0563   11.5547   11.4284   35.9574   67.0116   34.2218   60.7606   86.6129   7.04361   93.4453   86.2281   15.4998   22.2947   5.60145   18.9758   74.0359
  0.015625   64.7333   38.0768   62.0717   32.5166   53.7398   65.5828   50.4161   17.0327    59.262   34.4769   29.6506   16.0259   108.028    69.594   29.4088    21.345   33.3812   81.3347   15.4557   68.8652   11.6159   88.9417   31.2346   40.7378   36.5793   38.1867   86.8817   12.8491   44.8432   32.1698   22.5973   32.8488   28.5379   9.32416   50.1266   13.4243   49.5764   49.2124   83.8068   30.8418    55.162   73.8662   8.53268   62.9952   59.9046   6.25099   19.5748   8.87924   17.4817   44.9425
  0.015625   57.7655   30.1686   70.8398   41.4529   19.7476    72.396   61.8202    66.228   35.7566   51.1001   21.2285   20.0069   53.3102   37.5753   24.2789   40.9773   32.2516   83.4343   17.7629   45.7215   9.73737    53.192   55.3223   55.3103   57.5104    77.662   94.9125   7.71637   27.0222   53.9348    16.657   15.9744   33.5224    10.267   31.2673   15.5524   17.7721   56.1733   66.5892   29.1901   2.73629   29.3857   11.1092   75.8112   76.1777   5.56028   23.1828   4.53417    16.865   41.4063
  0.015625   50.4972   30.7627   52.5267    11.851   54.3636   56.8611   45.5817   79.4927   22.0034    73.187   17.2865   11.3359   42.4949   80.1732   12.1074   35.8521   11.8971   90.7767   4.62094   63.6266   12.7049    100.13   53.4053   70.8006   66.9072   68.9205   66.9369   37.1443   45.3242   39.7228   11.0029   34.8072   36.0041   13.2485   50.2419   10.5365   23.7124   28.2964   92.7495   24.7783   68.4458   70.9368   7.48659   84.5992   61.5221   14.1891    18.828   6.18265   15.8215    45.423
  0.015625   52.5359   24.3119   28.9806   24.4422   43.5041   17.8322   22.1681    83.626   63.8153   50.2357   12.6886   22.8297   80.6884   34.5676   31.1328   23.4809   25.6816   96.1268   8.41826   36.6107   12.9223   81.0237   51.8069   37.2528   37.0931   63.6828   98.9155   22.8059   21.0372   74.1173   17.2094   40.0943   16.1161   5.87009   53.5521   10.6154    5.4195   60.5316   71.9449   12.6222   33.1151   49.2425   8.01418   68.7298   61.0534   12.1637   8.76586     6.905   19.6474   52.2782
  0.015625   22.8339   21.9163    81.245   35.9773   57.1564   54.6575   56.1702   73.6134   47.2594   87.7431   42.0548   20.8956   62.7865   95.3343   18.9226   39.2784   27.3928     89.98   14.2829   47.0993   15.3924   34.6313   43.3398   70.8907   62.3177   18.4164   71.5088   20.4065   50.8741    68.526   20.0955   25.4934   35.1921   10.9076    38.082     6.002   48.8084   17.8813   104.322   19.7501   57.9989   3.19729   16.1337   25.9137   102.353   27.5118   28.5285  0.988381   26.9231    53.282
  0.015625   51.3797   23.6719   85.2248   37.8054   21.6352   25.6768    51.998   64.6884    17.605    52.067   21.3573   25.9774   73.3539   34.6227   22.8999   26.4494   22.8693   63.6503    14.727   56.2611   10.1135   18.9254   61.3802   88.1486   47.6277   34.2816   72.2388   32.6677    33.925   82.0038    25.318   43.7589   36.4749   12.8083   67.7036   13.2067   47.1759   45.8399   28.7354   19.0325   46.1838   49.7808   14.4854    50.121   61.7836   8.11114   17.4378    5.5872   16.5585   39.0759
  0.015625   75.5373   14.2444   46.6945   21.9441   38.6367   18.5788   31.8573    66.812   25.3146   30.8674   22.6021   19.3334   67.3229   56.2647   26.3336    28.412   29.0402   55.0755   15.8696   62.1831   19.3185   71.6207   32.4965   59.0058   53.6722   37.3315   91.2203   28.7448   35.5955   64.3104   15.1488   38.2927   14.5144   10.1621   37.9513   6.70494   43.7863   81.6843    70.404   26.8811   49.5017   45.8319    3.7081   77.0206   93.9111   24.5399   16.6263    4.0467   19.7891   31.8464
  0.015625   38.7999   19.9251   52.7019   14.0011   26.8996   25.0227   53.9603   30.5584   46.2173   39.1778   30.7024   20.6517   75.2885    58.724   12.7474   34.6562   31.8444    73.851   18.4495    53.077   19.1661   98.8663   24.4621   48.9239   63.7597   51.6859   40.5868   29.1217   32.0717   60.0942   9.24804   23.9429   28.4232    2.3254    52.051   5.43711   55.8397   41.7369   35.8383   20.9704   75.0512   68.5552   13.1364   51.6101   66.1178   15.9536   24.7189   9.63425   29.5517   76.6968
  0.015625   39.1839   7.63019   50.4701   36.4488   33.1402   76.1041    19.315   60.9497   12.7958   65.7775   6.20727   18.5999   63.2658   44.9447   16.7063     8.309   28.6537   31.0728   18.7534   47.0809   3.61988   89.5675    37.673   56.2614   35.2574   68.9445     45.23   29.9186     48.74    29.486    20.403    22.588   9.26083   11.8383   50.1049   11.5447   59.1326   47.6393   80.7765   28.1281   42.3717   72.1169   10.0164   63.8849   72.6629    20.277   9.37448   8.97204    19.983   58.0752
  0.015625   43.1719   26.6086   14.7667   34.8096   28.6547   80.1229   48.8987   75.1809   22.9808   17.2338   22.6125   11.1505   85.6047   85.7089   13.5197   36.5298   28.1679   104.983    15.016   45.2109   2.29271   52.3755   41.0283    80.029   39.6055   13.6584   88.0171   14.1972   14.3406   72.2357   28.6532   33.8587   40.4145   8.86113   69.6389   11.2655   51.3632   70.1038   108.932   29.8459   61.0992   66.5365    13.436   70.0229   84.5542   16.0381   11.9035   3.18714   20.9321   56.2021
  0.015625     63.72   13.3025   76.9339   39.1546   55.9299   80.7681   31.2772   34.9862   27.8351   65.2515   24.2013   5.35603   81.2703   101.122   29.6709   18.4364   33.5874   96.1981   6.85354   49.7352   5.22205   88.5759   53.3301   68.9475   60.7253   50.7431   18.7368   37.1294   6.76599   65.7582   6.73406   16.2659   17.3153   10.0916   67.3871   14.1149   50.4639   16.0688   72.4412   21.4012   34.3845   14.7156   8.92979   27.0869   75.7462   12.1132   24.2711   10.7221   23.4815   71.3796
  0.015625   29.4679   24.5198   93.4919   40.9019   24.3427   79.0441   57.9198   46.2128   43.8526   59.6714   7.33873   11.5807   107.231   54.8728   26.4804    32.499   27.4452   70.8616   14.5794   44.4099   20.2369   50.6183    50.239   67.3232    44.929   46.9482   65.1562   28.0072   22.5412   44.5407   31.2315   18.1031   8.58109   5.43929   23.3914   13.6244    31.045   49.9117   99.1756   17.9731   51.3987   55.8271   2.17274   3.79427   81.8112   17.1843   21.7838   10.1972   24.0308   34.3122
  0.015625   67.0073   31.5618   34.1485   11.1046   53.2521    70.906   63.5526   58.9546   41.8553   40.5502   19.0689   9.26539    69.016   73.8751   24.7823   38.1215   19.6195   64.8505   9.87392   50.3512   15.1744    24.795   10.9058   31.2019   14.4938   52.5424   17.9272    2.7929   56.7713   77.4394   30.0915    36.093   22.7868   13.3472   19.0078   7.96109   25.3468    44.198   52.7017   28.3889   74.2785   23.8423   7.46055    81.032   47.2809   21.2944   20.6713   9.23593   26.9142   50.9515
  0.015625   42.4757   11.1777   51.9284   11.6221    35.448   35.6204   64.3036   79.6839   37.6341   57.0447   37.5745   17.4839    21.612   43.7277   21.8928   22.4552   30.6902   97.6511   7.75989   69.0999   5.99422   31.6773    21.677   68.7348   32.6791   47.5944   94.0455   20.0649   17.8865   44.0034   24.6176   10.9619   40.0927   13.6621   30.0856    12.913   48.0723   55.2109   97.1786   21.3127    62.607   43.7829    11.781   83.7793   52.8245   9.32259   24.0164   11.9819   31.9012   61.1481
  0.015625   58.5602    9.9761    73.019   32.8753   22.6793   72.5564   31.6374   82.1618   50.9082   77.0841   25.7724   24.5662   43.9577   54.4383   16.3279   39.5147   18.1961   71.7033   6.93938   51.3361   16.8328   79.2186   54.1029   70.2521   41.4468   35.5267   84.4212   14.6148   52.0337   25.4582   26.9799   11.8903   42.9531   9.80349   62.5936    18.138   50.5329   66.8701   88.4517   6.24027   33.6165    41.434   9.89592   34.3181   80.9267   16.6683   20.8945   7.04012   11.8557   76.0819
  0.015625   27.8417   37.7873   67.7641   23.5119   37.4755    60.613   67.7801   62.1527   53.6408   33.3893   22.0328   21.6007   11.5011    99.863   20.9193   8.97579   31.2403   101.453  0.951986   65.8742   10.0007   103.808   13.4176   30.4117   33.8576   51.2265    51.393   16.7885   26.4455   45.6256   24.8299   31.6446    15.581   6.22263    57.619   10.4627     33.27   41.7115   90.8546   19.2484   37.7862   78.4516   11.0683   19.6916   69.8836   22.7579   17.2051   7.37885    17.238   47.0917
  0.015625   70.3237   23.9383   45.9617   46.9271   25.2441   92.7544   52.3093   70.5114   67.4006   30.5036   39.7002   12.4475   51.8711   50.1265   33.2814   41.2531   34.8471    81.924    12.947   30.6699   7.14031   44.7824   28.1083   76.3923   24.1216   53.7857   33.5907   29.2269    38.565   47.3328   23.3378   39.5567    27.835   12.3727   34.1031   10.6344   24.2652   21.3997    46.245   9.50562    24.978   81.6104   15.1259   58.6346   73.5267   24.7218   8.41291   9.12485   7.99715   62.2561
  0.015625   56.6946   19.4624   79.2604   39.5885   48.4188   36.0314    59.687   29.1358   51.9066   55.5468   23.4145   20.3914   64.7962   72.8662    5.5851   37.9252   27.9003   63.5361   11.4464   44.5008   7.99545   100.704   39.9692   45.5561   57.1593    54.105   32.7128   26.3567   51.3199   44.3708    22.966   31.1507   29.6963   8.27637   64.9412   3.52716   45.8052   42.9173    68.682    3.9774   49.9749   53.9279   10.5749    55.381   17.6604   13.9683   21.0072   5.83454   16.2251   61.7105
  0.015625   62.9575   27.5842   64.8916   32.4481   50.1864   67.3258    21.901   55.9614   8.77423   66.7864   37.4417   13.8316   96.4644   68.0737   17.9432   27.7197   27.9745   111.785   16.4369   33.8909   18.0499   101.299   49.2554    53.028    44.507   72.4069   81.7615   5.55208   38.6133   76.6032   13.2084   14.7487   37.3026   13.7463   32.5915   12.3618   24.8785   75.6704   69.1579   17.5351   54.2489   61.5096   12.6333   51.1802   22.3768   17.6473   11.1363    7.9473   32.7209   33.5456
  0.015625   34.7059   17.0976   49.1652   26.9777   29.5579   75.3315   32.9477   59.2742   55.4123   73.5053   15.0859   21.0818   67.9279   86.2289   13.2686   34.6811   33.0822   98.8288   15.1282   58.8852   15.1039   20.7336   38.0099   28.5963   35.4505   58.5887   27.2299   31.0559   12.6683   76.3071   29.5231   13.3417    24.638   6.40566    79.611   6.41627   40.0486   67.2294   94.4064   12.3383    41.448   79.2717    11.105   59.2504   93.2351   11.6508   20.3951  0.610121   24.2879   55.6697
  0.015625   73.9358   29.8665   77.6125   31.0027   17.6536   65.2199   42.2956   56.5629   50.0369   60.7544   21.6976     10.09    45.913   66.7764   17.7955   20.2415   23.1858   87.7702   15.5878   67.7772   17.4813   40.8803    23.384   60.0144   64.3904   22.6603   92.7421   36.7323   8.99506   83.6014   32.7472   33.1141   32.0993   10.8598   74.5175   11.4125   15.8891   62.8547   105.491   13.5606   75.6676   29.6813   7.70155   51.8164   33.0431   26.4653   11.8245   7.26209   20.5095   7.91013
  0.015625   45.8494   12.7815   44.9299    49.159   12.8151   56.9178   59.9756   51.7539   68.9899   49.6721   34.9538   6.02736     87.96   23.4911   18.3412   37.5601   40.8569   88.0246   18.5974   60.3082   21.0147   84.3161   45.5806   18.2872   42.9179   72.8514   99.4665   23.1148   40.7615    24.317   29.6782   41.3088   17.7707   12.8989   71.7107   14.5928   41.2839   82.4351   75.2815    30.488   48.0294   62.3699   11.0405   18.7072   35.4027   25.1107   29.8935   6.90781   32.9677   42.2282
  0.015625   45.5233   24.7989   92.7762   46.7376   51.6377    51.382   41.9818   57.3221   20.3839   62.1417   36.7283   14.6355   63.5533   97.9375   23.3899   30.3737   37.3039   33.5793   22.1439   27.6345   13.9852   82.8383    7.6301   41.1128   38.8653    21.144   79.7029   36.6539   35.0475   64.4071   33.3228   18.3856   13.4291   14.3086   52.7517   10.5886   41.2046   21.1919   91.0394   35.2262   40.0547   82.6496   10.5802   40.5981   79.3578   23.6064   28.5535   8.45123   9.39671   37.2037
  0.015625   14.8102   30.8464   42.4243   23.3197   42.4862    62.691   38.2075   52.8056   39.2751    58.406   21.7231   13.2448   56.4362   43.0496   19.5218   26.9943   28.4366   37.1672   4.20057   20.6638    15.504   67.0338   44.2177   9.34992   48.7378   57.8214   79.7428   26.9924   20.6163   43.4338   12.4718    38.891   25.1193   4.59578   64.5931    11.011   33.6828    51.408   112.603   15.2881   31.0629   24.6371   12.9083     49.64   60.1207   15.9268    13.149   9.85082   26.6153   46.2652
  0.015625   51.6709   18.6579   6.88837   28.3414   32.3067   53.5071   61.9702   59.5483   48.3253   61.3206    1.5424   7.85434   66.5909   70.2205   15.0609    39.646   28.1754   88.1831   17.4349   49.8563   17.3355   80.5814   23.9188   58.1932   52.1048    62.933   71.4151   24.4324   39.4866   66.7863   24.9996    20.256   44.1165   12.9076   65.9464    9.5181   42.8183   25.1255    93.372    27.924   46.8009   56.9423   12.7949    86.855   66.0076    8.7458   8.12131   8.43882   5.86883   71.6018
  0.015625   33.8214   22.8535   57.2685   46.1798   28.4963   72.2664   12.0598   68.0975    62.988   89.8722   38.5946    11.871   80.8881   68.2185   27.4062   26.2743   34.6311   103.441   17.5854    58.614   11.2516   108.873   25.3245   65.3306   49.5279   73.6518   61.2176    9.8262   51.5872   23.9164   16.1323   30.0073   36.7059   7.89496   34.8533   5.68171   26.3149   13.3213   94.4402   23.8216   29.8053   45.6937   6.21075   48.3852   76.8789   23.8898    23.869   7.89807   8.64971   80.7792
  0.015625   24.8523   34.9648   26.6394   38.1432   19.3453   42.8377   28.0297   78.8198   33.3974   44.2734   27.4631   24.7735   84.8655   89.9908   10.1888   16.2318   16.1701   62.6914   10.1396   13.3556   9.91051   62.2393   31.8558   53.1501    46.087   27.4298   74.7651   31.4759   54.7665   53.8377   15.6065    21.687   30.9532   8.49132   42.8854   4.64223   28.3064   36.8728   93.5686   35.5897   69.8242   57.4317    7.0966   46.9854   41.9385   19.6656    28.132   5.02312   10.0113   66.9643
  0.015625   59.6097   30.5137   80.9173   35.7573   21.0641   65.9479   14.7221   36.5934   37.1673   61.7042   10.4083   18.6608   101.514   19.8008   17.2757   10.2344   28.9747   94.7303   5.45803    35.464   5.95466   50.9657   34.1375    68.363   51.9477   62.9588   48.3763    22.391   35.9937    36.366   26.3847   44.4415   28.0282   13.1827   8.99128   12.5783   21.2032   70.5317   77.8685   19.1159   62.2965   70.6452   10.4932   56.4299   58.1756   20.5946   23.1901   6.13158    27.555   86.6093
  0.015625   62.1919   30.9757   64.7637   38.4384   38.4703   59.1127   49.9115   67.5254   57.7511    44.897   35.3182   23.2297   37.4478   92.7664   13.8824    42.522   6.71482   94.6837   16.5571   33.6462    6.4491   71.1931   34.5595   32.7072   65.9851    73.828   77.1259   3.59588   33.1777   79.9927   27.1433   37.7769   22.5988   4.83213   33.2505   10.8732   16.0819   67.7729   106.228   17.3418   58.9306   62.2567    12.081   57.1339   94.0287   15.1091   15.9075   10.6664   17.3879   70.7076
  0.015625   80.6011   5.55177   67.7435   28.6559   30.8519   61.3967   48.6314   36.1191   49.9146   22.6256   28.0853   15.5231   28.1975   56.1012   15.8352   39.7352   35.9684   34.6669   14.5334   59.8078   18.2227   67.7468   33.9303   47.1612   18.2622   17.3701   44.1067   37.8912   49.6043   58.7793   14.4247   39.8432   22.5565   8.99538   10.8104   16.4211   31.7489   87.4796   97.0422   21.6708   51.6992   63.7012   13.0417   55.6829   81.2006   16.5346   14.8986   5.95529   15.3691   48.2095
  0.015625   55.0611   31.8119   85.9257   33.9838   18.1808   51.8799   53.5031    25.027   52.9286   79.0815   20.7555   11.2124   7.45431   29.5043   5.02226   34.0571   23.2612   51.2744   10.9731   21.7227   9.09978   94.2431   41.7853   73.0704    46.891   54.3076   103.911    24.418   35.3391   50.1032   14.3587   21.2149   29.2008   8.90564   59.7047   14.3996   37.4546   63.9406   48.6339   24.8688   53.4841   78.3651   8.14012   21.5752   92.2666   8.31017   27.5128   8.33506   24.3109   27.7657
  0.015625   20.5759   37.1178   71.6197    34.534   50.6945   90.7952   33.7968   74.8195   27.4721   69.9007   26.9737   24.1866   104.213   52.3705   18.2641   22.9814   25.1228   109.526    19.651   53.9448   13.6759   89.5855   43.4803   54.2306   8.90661   14.4761   44.4443   25.0519   36.4811   51.6015   30.8901    42.648   22.3936   5.07436   53.7452   12.6729   27.6136   68.9562   43.2704   3.60885   34.7806   5.41049   13.9339   59.8855   63.4957   20.8618   20.9891   11.6614   7.28056   50.6729
  0.015625   75.8765   12.6033   69.3577   35.5045   41.6992   52.3547   57.0435   25.3105   55.1749   40.4947   31.5523    26.937   100.603    63.907   23.2639   33.5337   18.7532   85.2498   7.16257   55.1893    13.808   67.1479   29.6982   72.3058    21.898   50.4492   70.5806   13.3115   43.8385   52.5822   32.3843   41.8015   34.6837   13.1117   59.0947   12.9759   38.3311   46.5062   87.7277   24.7264   56.3052   54.0601   7.25287   47.9511   84.1458   14.4658   13.5793   7.79415    22.369   55.1653
  0.015625   44.5309   29.7614     35.13   41.1844   9.25872   16.7117   45.1631    64.372   43.6964   88.3683   43.0301   23.5767   56.6978   105.209   23.3024   25.1669   23.9196   43.6799   9.74528   61.6659   18.0883    105.15   57.4626   84.8317   50.3131    6.3881   80.4633   16.8557   38.1647   70.6442   29.1514   29.9917   25.4186   14.2208   61.9754   17.1773   32.0488   46.9196   81.3257   21.5666   44.5283   66.4099    8.5732   73.7787   90.3469   23.1102   14.6566   10.5155   13.8524   53.1663
  0.015625   49.6005   27.2081   80.5178   45.4222   39.5324   85.1287   52.9213   32.4868   20.6809    74.521   37.1382    11.691   78.9762    98.912   24.0073   33.4917    39.141   30.0948   12.2208   66.1839   13.2034   30.2684   22.0905   35.6499   31.7055   43.0398   97.8214   11.3627   28.9257   38.8912   5.73662   40.3163   17.1317   14.9322   46.1273   1.79224   33.1235   67.0595   78.2277    10.239   74.8418   56.7789   4.92504   67.2241   10.5294   18.2143   27.8905   6.13451   10.5624   58.3424
  0.015625   10.5446   32.0016   55.9531   21.2228   53.1653   19.9265   20.3194   33.5494   60.4825   23.5067   27.5057   17.5462   55.9211   91.1071   24.7247   35.7165   26.3998   110.735   21.4804   48.1635   14.0619   55.0835   55.1036   56.1136   39.3588   22.2153   102.873   13.0264   47.9555   56.2951   14.9431   7.41471    27.922   9.15594   30.0316   12.6376   19.3124   56.3781   112.664   23.8971   51.3162   20.0547  0.754905   73.1944   24.6015   23.0283   9.32851   8.87361   14.7095   53.6619
  0.015625   66.2492   14.4359   78.1614   38.6582   43.7044   3.24887   26.9256     24.11   34.2445   68.3952   16.4311   11.7713   59.6895   85.2601   31.0638   31.2761   26.9408   81.3738   5.85725   55.7074   14.7833   42.5994   39.9487   54.4569   37.9106   42.4219   57.7025   28.4404   31.0534   21.5041   22.0349   26.3008   34.4126   2.96269    74.158   5.07785   40.2936   76.0294   36.4188   21.6138   5.21408   65.6135   5.50727   54.3694   88.0497   7.69007   21.5477   8.58711   24.4411   67.3998
  0.015625   72.1866   16.2149    55.259   20.3312   36.1246   64.3154   50.4833   22.1899   59.4251   63.2014   17.6141   16.5273   71.1839   80.0036   17.8307   31.9812   39.9844   77.7383   19.9502   42.9548   9.18794   50.7805   28.9668    76.797   45.9491   67.9223   68.5693   14.9695   11.4386   73.6853   28.0601    22.883   34.5819   4.35533   44.1518   7.79226   22.6625   64.5753   70.8255   31.3149   67.6413   81.0714   5.18464   50.4222    68.114   18.2704   22.3838    10.057    17.396   68.9063
  0.015625   25.4834   30.0677   67.0149   47.2473    34.151   83.4555   49.8191   23.3335    29.011   52.5709   17.9573   15.2602   61.7189   23.1798   31.8078   34.2556   7.35149   81.9483     11.86   39.3935   11.6224   68.5793   41.8062   57.9499   39.8721   39.1008    84.148   18.5648   22.6644   78.3507   13.8185   40.5231   37.9039   11.6842    48.521   3.81526    23.364   64.9487   80.3473   20.5165    64.824   36.5933   8.29481   60.9148   79.1179    28.452   25.7134   5.43063   10.7504   72.9975
  0.015625   69.2944   38.7716   43.5464   45.1032   55.3073   35.1019   55.3493   53.5472   45.7032   56.7866   33.5718   20.7625   75.7202   100.294   28.2376   36.4289   31.3359   95.6702   15.9835   18.6232    12.478   71.4701   64.2167    33.171   53.7841   79.8506    8.8523   27.1973    18.658   46.3785   26.1858   17.4578   31.0591   14.3303   34.6401   12.1374   20.6871    65.131   108.363     14.28    62.071   49.1611   15.0481   60.3369    99.075   18.8968   14.2912    2.7406   30.5729   52.6545
  0.015625    57.499   20.4883   78.0662   41.8106    32.636   11.6876   46.3999   84.4737   34.0498   71.7333   30.8491   7.59329   57.8924   78.9872   32.3005   25.1242   13.3362   81.2133   14.3792    22.784   18.6383   87.8347   40.4916   28.5384   10.0598   8.22024   47.7587   20.5456   28.0499   49.1814   12.2745   9.66548   37.4021   10.3566   65.4199    10.766     29.69    28.249   102.117   25.7508   32.2872   77.6729   13.3757   72.5865   26.1087   5.64447   10.2276   7.46827   18.4993   45.7777
  0.015625   38.0194   13.0103   60.3106    44.986   44.7241   27.1888   18.9574   60.1949    43.378   37.8717   31.3918   16.5543   28.3452   48.3483   14.2987   31.7708   16.4899   48.1732   13.1911   53.0648   7.07466   87.9824   34.9742    77.422   29.7188   62.1052    63.082   29.8116   36.3652   56.3773   15.8569   42.9834   18.0042   4.55315    48.376   9.94042   41.8479   86.3308   106.737   32.5233   76.6587   66.3857    12.444   78.8082   62.9014    9.9997   15.7259   4.65717   30.9742   14.1119
  0.015625   65.7441   26.7717   45.7049   40.4648   32.5339   54.9624   53.8017   53.8647   32.7778   63.3304   19.6866   23.9046   111.742   16.6983   12.5227   17.7108   28.8763   105.524   20.4471   55.3836   8.06837   94.2092   12.3276    22.343   56.0479   74.8127   81.6924    20.517    45.547   52.7379   25.7548   12.7321   20.0231   7.60891   60.0221   7.83011   48.4396    11.496    99.887   11.2513   53.0659   16.5019   9.94822   72.4456   52.0634    19.645   17.4792   5.73178   14.0658   25.2004
  0.015625   83.3398   10.6851   71.5151   10.5669   24.9764   38.0838   15.4728   61.7703   31.4455   41.9142   31.8549   21.1273   89.0398   55.5235   19.3498   21.7203   21.2183    68.932   21.1516   53.3185   1.87371   58.2465   51.5559   77.8504   28.3153   62.8918   45.4556    26.291   51.0474   61.5315   31.7827   2.77906   23.4357   3.03395   70.9114   2.39378   23.0777   17.4663    97.684   33.3507   31.4254   74.1401   14.0993   31.7906   62.6358   23.9167   23.5042   6.58704   21.8966   42.4218
  0.015625   37.6226   25.7625   81.9827   26.6479    48.762   37.8371    9.1695   37.9791   60.1511   79.5687   35.2416   10.3803   69.9988   62.7974   12.4711   33.6868   25.4733   15.3725   13.9585   52.4917   17.8714   52.2651   18.8812   20.3716   53.7277   60.7546    38.951   6.76633   22.2436   58.3597   20.8821   42.6936   33.4009   11.0171   60.5074   15.7917   28.4958   15.1514   47.7401   30.5473   24.6003   78.3298    11.717   66.2107    73.676   23.2474   9.14604   11.2594   28.3427   77.9495
  0.015625   36.4039    22.991   59.2263   36.9928   52.5797   38.7027   64.1973   49.3846   9.81241   70.8175   30.4979   17.5558   36.0116   79.8856   28.5663   38.5411   18.4026   65.5308   12.4942   38.1057   14.3624   45.0159   29.9735   39.7042   55.8904   64.1147    79.574   30.6617   48.1694   76.4781   27.6916   4.18303   37.2485   15.4477   74.5794   15.0596   34.3439   78.9668   75.0788   18.8843   18.3485   73.3748   6.97705   81.2591   31.2867   10.1833   20.2657   10.6219   14.6544    55.828
  0.015625    56.154   31.2334   56.5749   36.6425   40.6921   79.4727   36.9465   79.1419   66.2861   70.6178   30.7628   21.3866    84.639   57.6144   8.00882   24.7026   39.2362   20.9641   7.99201   19.7077   13.9002   49.2458   34.9381   59.9761   46.4027   48.4503   94.7146   13.0709   25.1321   61.0475   25.3757   20.6483   7.77334   2.16323   82.4073   9.19834   11.9266   52.2771   61.5203   35.3729   49.2681   33.8272   11.3003    88.572   57.1992    8.3791    22.547   9.45061   24.8537   21.5972
  0.015625   71.6378   34.5461   30.7247   31.3323   43.0342   84.2209    13.132   40.1635   43.7768   52.1967   18.4963   19.8113   108.186   96.7664   7.23442   37.2375   25.6055   89.4963   16.3109   54.9943   11.3546   46.6696   36.9243   67.5109   24.4974   16.4058   63.1042   28.6927   47.8994   43.2962   8.08526   1.12372   23.6392   12.0012   37.4092   12.2657   28.5431   53.8134   103.858   14.8322   45.8651   68.2789   8.94976   59.3946   80.6218    5.1448   31.4288    11.003    26.532   40.4777
  0.015625   47.7602     35.54   56.9823    35.837    45.974   82.4383   22.8587   52.3513   38.1716   56.6412   11.9512   10.5587   40.6172   44.3692   30.6955   22.3885   33.9113   101.188   13.3443   58.6998   8.55292   76.5336   27.4151    61.227   58.2244   40.3246   80.5033   29.3348   39.0586   39.1355   29.3292   7.92419   26.4649   11.9553   40.3689    8.8114   44.5926   64.7306   10.3977   31.4472   63.5019   38.6408   4.16676   54.3311   97.2085    8.5597   15.6472   3.60951   17.6329   35.1595
  0.015625   59.8704   28.8433   21.8738   29.1702   34.6208   81.1924   23.7922   32.2035   33.0407   68.1933   40.9243   25.8289   45.1623   94.8298    25.507    17.698   22.1947   75.4706   9.17827   25.3341   12.4825   79.6688   39.5063   38.7069   48.0445   83.2658   86.1865   26.0792   3.96848    81.607    5.0229   28.5907   34.2672   10.7463   69.0011   1.07137   41.4688   49.2633   101.795    16.414   18.3903   86.3226   13.4091   66.1483   92.0887   29.3166   18.7121   7.58922   18.7298   72.6125
  0.015625   81.0514   27.0177   89.5761   31.5091   52.6007   43.6855   43.1643   70.2123   64.0389   25.2179   17.1265   8.62766   100.348   46.6962   24.1539   23.0629   17.9803    69.276   13.8823   33.0643   9.98858   94.3694   36.0807   57.6743     20.34    69.862   82.9498    23.748   16.2377   51.8543   11.2807   41.1088    27.072   13.4812   83.6637   14.5654   51.1978   7.09771   60.6146   9.79272   70.4683   48.6819   4.49673   52.9046   34.4717   22.1253   26.3767   5.40635    13.312   39.9791
  0.015625      50.2   23.4104   72.4456   31.1701   43.7694   69.0033   59.2843   11.9014    45.951   84.5271   10.8889    19.943   27.6766   58.5664   20.6425   6.38629   35.4144   93.5393   16.5486   4.81773     12.47   92.4967   45.6958   29.7226   13.3981   24.8363   34.6816   20.9162    47.787   62.0514   23.8033   38.0814   23.4492   9.41336   63.7609   13.4819   26.8661    61.838    51.569   11.9185   66.4483   50.6353   14.6829   78.6362   34.8586    15.242   25.3594   10.0663   13.2077   87.1422
  0.015625   67.5134   2.80039   46.7546   30.7594   29.8962    49.533   26.3832    57.848   61.5439   48.5665   13.3367   10.9621   96.4966   61.0807   16.9323   7.46057   30.5215   101.975     16.63   49.9292   16.9158    64.242   9.03394   61.5765   63.8361   67.8463   112.692   17.4744   25.3505   73.5185   14.6831   32.8234   32.0703   12.7813   79.6531   9.83202   26.4146   32.4262   52.8799   29.5823   69.6328   33.0978    14.634   34.8308   85.9464   11.8199   4.31731   11.7611   14.9509   57.3186
  0.015625   81.5051    22.526   27.7278   47.5353   55.4449   86.9517   58.1052   47.4037    20.309   66.1107   10.0452   19.4931   70.2793    49.088   10.5268   1.38369   19.3628   60.5595   10.0513   54.1604   17.6514   90.5084   43.2385   19.6459   31.5045   41.0301   80.5695   24.4914    37.358   68.8635   25.0842   33.4872    26.717   6.65513    45.443   8.76236   18.1309   61.6666   111.416   22.0667   14.6816   54.1738   10.6742   89.4842   42.8353   17.3697   24.2176   2.14875   32.1738   78.4078
  0.015625   46.1732   36.9319   58.1576   14.2962   47.0336   56.7242   33.1911   50.0953   19.0799   49.1597   31.6796   8.06388   76.1312   41.6387   22.8572   21.0695   12.8634   73.7152   20.1161   39.7325   16.1553   105.391   10.3906   86.4048   26.4142    64.891   96.8838   23.4754    34.796   39.8902   21.6261   25.8645   11.4366   11.3377   30.6972   5.39159    2.8253   80.5552   29.7744   20.8354   30.3401   57.8711   12.0994   60.8632   38.1701   10.4165   25.8553   4.26303   24.9158   80.0537
  0.015625   57.2317   32.4145   13.0504   16.1454   58.3859   97.1767   61.0565   63.2889    56.714   55.1138   25.8248   26.4166   97.6753   64.6497   26.1005     18.66   21.5991   51.5521   9.41053   32.0799   13.7516    74.915   19.1218   75.3095    4.0744   79.9782   104.016   38.6541   11.7326   26.1247   24.7612   7.74977   21.8497   13.8214   48.5014   10.3667   49.5153   66.3349   60.5806   26.4906   19.1522   66.6146   12.1021   54.5629    79.771   18.2884   14.8839   5.75667   10.9456   37.9253
  0.015625   35.9877   30.6209   66.3775   41.0742   51.8754    73.477   25.5161   18.5932    24.773   41.7105   16.1788   18.0722   76.5937   54.0393   20.4786   20.7566   14.9051   82.6743    11.667     51.21   3.68475   95.5286   53.4769   61.1077   27.7423    52.805   105.548   22.1421   52.1989   41.2358   12.4888   38.9515   36.8957   15.2093   45.1133   11.1764   30.3198   72.5843   115.183   19.7417   46.4957   50.1608   14.1442   24.1486   50.9458    14.525   15.1042   12.0857   26.0725   50.8945
  0.015625   70.0653   32.5681   53.6574   33.0435   30.5768   31.9571   44.8537   76.4882   54.9719   74.4083   12.4932   15.8668   88.0415   59.7779   25.2815   22.3198   23.8557   56.1884   13.3363   11.3996   9.62644   103.202   37.3669   50.0132   23.4344   77.9797   77.5442   17.5089   29.5815   80.8331   11.3896   29.7478   29.8783   7.04046    67.478    16.024   43.9296   33.7648   92.3734   16.0355   55.3316   76.8128   7.42555   30.7059   59.1421   19.2905   28.0228   5.04425   8.20783   61.2002
  0.015625   51.0871   19.2951   70.9134    19.304   56.1492   74.5709   29.3674   47.9022   48.4285   83.5598   38.8584   8.21319   99.4821   28.7255   16.2018   29.1109   31.8331   90.6387   15.5036   31.7751   16.1169   93.4338   48.1136   63.9651     39.06   50.8936   78.4633   31.9433   34.1046   58.2884   17.3397   27.8389   20.9771   10.4159   73.5471    15.064   42.0527    84.611   102.301   25.3453   43.8145    49.532     6.355   85.1946   43.7882   22.2235   11.8634   8.19364   25.5406   59.6052
  0.015625   22.1119   25.3095   89.9491   21.1417   46.4317   48.9186   46.8204   28.1993   52.2655   86.9058   33.5583   18.3976   79.6053   31.0061   15.4584   36.2705   36.9684   51.5839   16.0856   12.3131   16.7441    69.746   60.9546   27.9078   22.2247   46.3337   71.7198   27.7498   45.2758   70.9787    18.958   41.9853   40.4249   9.73711   51.1073   8.25768    56.009   42.7908   68.5979   19.5822   64.5259   66.7644   9.68629    61.206   75.5813    21.364   4.21615   4.46915   15.7293   31.1046
  0.015625   79.2953   21.1606   16.6399   13.4529   17.5789   58.3037   36.8206   69.7025   28.7088   50.8316   14.8059   22.9844     48.45   64.4258    20.775   39.5961   38.4369   89.6808   18.9342    40.405   1.95799   107.071   44.0315    27.472   14.0461   46.7445   23.2599    10.031   21.7441   20.3529   19.9671   18.8244   31.9911   10.7135   46.8992    16.182   29.2095   38.8857   37.1275   16.1025   72.6004   46.9766    1.3953   37.0448   53.2527   23.2696   14.1381   11.4281   9.83841   2.34985
  0.015625   54.7853   31.6946   68.9152   22.8083   32.4687   49.2336   45.7196   43.2489   28.0755   67.3183   40.2909    19.092   98.7026   88.4351    6.9037   14.3698   30.9975   106.627   20.4051    29.034   10.9394      86.8   57.6014   62.1294   50.7629   60.5511   88.5753   1.18836   37.8599   16.0177   21.2243    27.516   21.9943   11.5261   36.0674    14.388   37.1588   33.3312   66.1564    14.782   54.7769   89.1688   14.0414   87.0613   80.8333   22.6829   20.6442   9.59215   28.2727   28.0109
  0.015625   80.1571   25.9148   51.7107   28.8827   30.3136   70.9563   62.5062   66.5124   57.9205   81.8686   21.6269   6.99355   91.7732   112.374    15.773   11.8046     12.92   25.7359   15.6652   44.7864   8.60154   83.8079   45.0998   75.2468   15.8831   69.6306     67.51   17.2929   29.1886   62.0849   23.6833   28.4691   41.0153   11.9946    2.8474   10.1328   40.1852   82.8913   97.8042   16.9683   51.8603   22.7492    6.0723   37.2541   64.8359   14.5651    27.682   6.43025   20.1353   59.5066
