32
0.03125 55.9118  12.2936  14.9734  21.0153  59.2569  52.1953  46.4492  67.5731  29.3385  48.977
0.03125 6.00814  14.7788  82.1778  35.6753  35.8634  37.7016  39.7662  61.6987  54.3014  50.8648
0.03125 29.4837  2.82168  43.0062  41.6901  20.4529  66.8506  50.747  38.7563  52.1774  25.0579
0.03125 42.5831  26.8027  65.1989  39.9951  26.679  45.6983  34.0863  85.1488  47.9901  81.7112
0.03125 31.0737  35.9351  57.135  32.8115  49.5742  84.7986  37.6728  56.4302  45.5042  83.2026
0.03125 16.2584  37.8082  52.675  24.1113  61.8714  56.4888  32.8374  58.9001  21.8262  53.7701
0.03125 32.5762  29.6552  28.9183  14.5742  33.0159  55.461  36.5597  11.5947  50.1315  70.9119
0.03125 35.3688  29.2807  24.0202  19.2679  30.3662  27.6045  31.395  59.1516  50.8575  62.5575
0.03125 85.9941  23.6822  31.8141  22.1559  21.8284  88.8723  41.8443  52.712  67.825  65.2358
0.03125 56.7582  19.7764  50.2001  34.9379  44.8243  73.9086  15.5771  40.8647  58.3683  37.7872
0.03125 39.1535  32.6095  72.6501  6.20589  28.3848  97.2138  55.1676  57.1597  50.2955  31.3968
0.03125 74.8471  27.8165  68.317  32.3729  60.2052  57.1129  13.5995  58.4514  32.4234  48.1574
0.03125 44.7192  23.2994  76.8254  43.4611  52.6762  86.3848  50.0533  77.7454  63.5233  45.5256
0.03125 62.4771  26.1862  63.3048  29.1844  45.3271  24.796  58.8521  23.3566  56.0347  35.3457
0.03125 49.6637  27.4848  94.4061  38.1806  56.148  42.4512  38.2285  71.4917  60.2169  54.8455
0.03125 70.4054  5.4195  72.9293  22.8489  38.5842  44.4167  62.9195  70.0395  51.5713  85.4814
0.03125 68.8047  35.1581  65.5175  24.8125  57.459  94.2955  68.8764  63.805  18.1654  72.938
0.03125 36.6775  30.8108  49.1693  48.3348  48.2092  72.8368  66.3251  5.34755  56.9706  41.8491
0.03125 73.8688  16.9116  84.2268  33.3242  33.9723  82.9477  5.0899  17.507  28.828  44.0926
0.03125 12.3925  22.8494  90.165  26.9509  35.0175  29.1565  29.2415  47.7993  44.2303  73.3902
0.03125 64.0656  20.1862  71.5621  18.6516  11.7736  74.9286  67.5175  68.4569  68.9759  15.7706
0.03125 83.8388  16.4395  78.1532  23.3083  55.4041  32.338  42.3427  43.802  36.9044  80.4367
0.03125 23.9737  25.3513  37.499  11.0227  38.3577  70.5632  54.0448  75.8564  37.5864  56.9373
0.03125 45.7497  24.7014  67.9619  35.0727  49.695  63.4629  64.1381  66.266  11.653  12.1339
0.03125 46.7578  18.6366  83.5643  12.4557  47.3117  89.9718  25.2709  35.5893  25.8723  75.4643
0.03125 41.4728  15.2704  88.7325  19.9747  19.4947  17.7565  53.474  60.3528  24.1495  59.3554
0.03125 65.6447  29.007  77.3285  26.0729  30.7682  82.2895  39.1362  27.7751  31.4306  67.1946
0.03125 55.0558  19.1924  54.6939  42.9057  50.222  39.9708  62.0821  30.2281  46.5963  46.9964
0.03125 53.3109  9.81433  74.2642  42.3406  42.6872  76.1004  44.9454  64.8763  55.1499  63.8847
0.03125 43.6644  27.1629  79.248  36.4794  36.4828  68.4947  49.1315  18.7912  8.30838  71.6698
0.03125 72.0595  24.0626  51.3066  44.7193  39.5593  61.9441  43.2756  87.3581  44.6103  70.6125
0.03125 67.2215  31.7752  6.71551  47.2742  18.3401  70.892  37.1484  49.1505  43.6544  88.9646
