64
0.015625 55.9118  12.2936  14.9734  21.0153  59.2569  52.1953  46.4492  67.5731  29.3385  48.977
0.015625 6.00814  14.7788  82.1778  35.6753  35.8634  37.7016  39.7662  61.6987  54.3014  50.8648
0.015625 29.4837  2.82168  43.0062  41.6901  20.4529  66.8506  50.747  38.7563  52.1774  25.0579
0.015625 42.5831  26.8027  65.1989  39.9951  26.679  45.6983  34.0863  85.1488  47.9901  81.7112
0.015625 31.0737  35.9351  57.135  32.8115  49.5742  84.7986  37.6728  56.4302  45.5042  83.2026
0.015625 16.2584  37.8082  52.675  24.1113  61.8714  56.4888  32.8374  58.9001  21.8262  53.7701
0.015625 32.5762  29.6552  28.9183  14.5742  33.0159  55.461  36.5597  11.5947  50.1315  70.9119
0.015625 35.3688  29.2807  24.0202  19.2679  30.3662  27.6045  31.395  59.1516  50.8575  62.5575
0.015625 85.9941  23.6822  31.8141  22.1559  21.8284  88.8723  41.8443  52.712  67.825  65.2358
0.015625 56.7582  19.7764  50.2001  34.9379  44.8243  73.9086  15.5771  40.8647  58.3683  37.7872
0.015625 39.1535  32.6095  72.6501  6.20589  28.3848  97.2138  55.1676  57.1597  50.2955  31.3968
0.015625 74.8471  27.8165  68.317  32.3729  60.2052  57.1129  13.5995  58.4514  32.4234  48.1574
0.015625 44.7192  23.2994  76.8254  43.4611  52.6762  86.3848  50.0533  77.7454  63.5233  45.5256
0.015625 62.4771  26.1862  63.3048  29.1844  45.3271  24.796  58.8521  23.3566  56.0347  35.3457
0.015625 49.6637  27.4848  94.4061  38.1806  56.148  42.4512  38.2285  71.4917  60.2169  54.8455
0.015625 70.4054  5.4195  72.9293  22.8489  38.5842  44.4167  62.9195  70.0395  51.5713  85.4814
0.015625 68.8047  35.1581  65.5175  24.8125  57.459  94.2955  68.8764  63.805  18.1654  72.938
0.015625 36.6775  30.8108  49.1693  48.3348  48.2092  72.8368  66.3251  5.34755  56.9706  41.8491
0.015625 73.8688  16.9116  84.2268  33.3242  33.9723  82.9477  5.0899  17.507  28.828  44.0926
0.015625 12.3925  22.8494  90.165  26.9509  35.0175  29.1565  29.2415  47.7993  44.2303  73.3902
0.015625 64.0656  20.1862  71.5621  18.6516  11.7736  74.9286  67.5175  68.4569  68.9759  15.7706
0.015625 83.8388  16.4395  78.1532  23.3083  55.4041  32.338  42.3427  43.802  36.9044  80.4367
0.015625 23.9737  25.3513  37.499  11.0227  38.3577  70.5632  54.0448  75.8564  37.5864  56.9373
0.015625 45.7497  24.7014  67.9619  35.0727  49.695  63.4629  64.1381  66.266  11.653  12.1339
0.015625 46.7578  18.6366  83.5643  12.4557  47.3117  89.9718  25.2709  35.5893  25.8723  75.4643
0.015625 41.4728  15.2704  88.7325  19.9747  19.4947  17.7565  53.474  60.3528  24.1495  59.3554
0.015625 65.6447  29.007  77.3285  26.0729  30.7682  82.2895  39.1362  27.7751  31.4306  67.1946
0.015625 55.0558  19.1924  54.6939  42.9057  50.222  39.9708  62.0821  30.2281  46.5963  46.9964
0.015625 53.3109  9.81433  74.2642  42.3406  42.6872  76.1004  44.9454  64.8763  55.1499  63.8847
0.015625 43.6644  27.1629  79.248  36.4794  36.4828  68.4947  49.1315  18.7912  8.30838  71.6698
0.015625 72.0595  24.0626  51.3066  44.7193  39.5593  61.9441  43.2756  87.3581  44.6103  70.6125
0.015625 67.2215  31.7752  6.71551  47.2742  18.3401  70.892  37.1484  49.1505  43.6544  88.9646
0.015625 79.4751  11.6398  30.8064  21.627  39.9027  35.6615  56.3564  51.1217  34.1965  72.1292
0.015625 58.4255  33.0184  79.9178  16.6179  58.3426  6.31512  35.0776  69.2476  48.1424  37.1647
0.015625 82.3146  29.8814  74.7037  46.2369  37.7982  30.2112  65.3461  49.9432  56.3718  56.1105
0.015625 64.8559  34.6468  85.2917  23.5339  50.8312  80.5682  40.8922  68.2303  66.1183  59.1483
0.015625 50.5975  21.6569  67.1853  16.1333  40.995  62.8836  47.3169  31.7861  41.2746  33.1695
0.015625 71.2177  30.1604  61.8921  8.83003  14.0596  49.1087  59.8658  61.8876  62.0185  44.9294
0.015625 68.0117  20.6101  55.384  36.3471  24.1172  75.2731  51.422  73.5387  39.7899  61.0756
0.015625 69.602  15.9413  35.6865  32.2224  27.1662  77.8061  28.0899  36.7556  33.2599  21.2513
0.015625 25.9634  36.5351  69.1989  33.4973  4.95727  20.2604  26.3031  48.073  46.931  68.408
0.015625 66.4329  37.0879  44.1705  3.04054  43.4639  60.9852  55.4263  52.339  35.7579  52.3564
0.015625 60.0635  13.4241  59.7796  13.7156  64.0192  67.9742  8.04758  78.9371  61.1659  60.2859
0.015625 60.8731  34.1754  21.338  37.9574  32.1809  49.9505  28.7161  72.712  14.5749  6.21656
0.015625 48.7133  32.0245  58.4084  31.4354  62.7339  75.8647  59.3641  44.6212  41.8787  40.6965
0.015625 75.8855  25.0049  82.4529  45.369  53.4591  64.2751  52.5762  26.3029  34.685  61.818
0.015625 57.5959  10.7737  27.374  30.8507  51.828  14.4566  57.9822  55.3955  19.3086  42.2915
0.015625 37.9373  28.5513  47.5145  39.5629  48.6632  47.1398  43.708  75.3407  49.1505  65.7306
0.015625 61.6774  33.6987  64.1882  38.6807  53.2992  41.6265  52.7452  39.8796  64.8503  78.6936
0.015625 72.9419  25.8925  60.7524  28.5273  15.9621  50.6531  54.6512  61.05  36.6648  76.6448
0.015625 59.2478  24.3953  43.4038  28.0734  54.7284  85.6814  45.3938  79.9772  58.9553  65.4719
0.015625 51.516  31.4109  40.9033  30.3284  51.455  52.8829  48.1689  21.4307  62.9014  29.2333
0.015625 27.7884  33.3504  45.5766  36.7465  23.5586  65.5201  24.5411  37.5347  59.3385  56.6112
0.015625 78.1871  30.5505  17.1778  39.2858  33.4231  37.0756  19.8188  71.6546  38.1709  52.0427
0.015625 76.9947  14.0959  56.2686  25.9185  42.2457  59.2737  21.3479  46.3108  30.6016  76.8955
0.015625 40.3307  28.1765  75.8223  40.5721  9.49253  92.3083  56.9752  80.413  4.3821  69.0837
0.015625 19.25  21.0316  38.8099  37.689  55.5618  61.2624  51.1929  83.7993  25.5801  39.1895
0.015625 54.1892  22.0645  92.11  33.9177  25.1346  71.0947  30.8271  82.5041  43.2856  27.804
0.015625 34.0044  17.4091  33.747  17.7688  44.1074  72.6523  34.6701  42.9027  40.5251  74.1909
0.015625 47.7451  8.7261  63.7897  30.021  41.5277  78.4235  23.2513  56.228  54.6497  18.258
0.015625 63.273  18.2254  86.9987  27.4427  29.012  53.9312  32.5539  34.896  21.1135  50.1921
0.015625 80.8628  38.7502  70.5597  43.8317  37.1591  57.8624  18.2774  65.8783  39.1725  31.8597
0.015625 21.7656  7.60461  40.5184  40.8755  46.7605  79.8915  46.2725  47.3337  53.1852  84.5909
0.015625 52.4201  22.5056  53.609  31.1548  46.2415  91.2224  61.0269  53.939  42.5284  67.9368
