100
0.01 50.672049 34.004455 89.419298 58.101404 54.49572 88.378299 51.359026 74.306664 39.503867 99.656105
0.01 73.921061 47.447539 90.060533 31.172034 55.924295 75.785479 69.533367 66.244276 59.692001 88.633998
0.01 88.97004 43.893678 106.273971 33.021509 48.297844 85.379467 54.413425 121.551458 76.664315 78.644554
0.01 58.72521 40.650133 97.715928 52.057653 52.578316 72.217908 71.960903 65.957619 17.382701 87.50519
0.01 73.666562 50.202394 56.847535 31.78134 58.226635 60.285232 55.931593 104.426155 66.86525 56.725105
0.01 82.3584 53.4672 109.651388 38.242939 74.977054 67.435033 66.97002 85.392223 68.347486 36.128969
0.01 71.128446 20.752839 47.937975 43.443355 51.859963 89.706248 39.972505 114.628395 44.597064 69.469492
0.01 76.157081 18.205021 78.005047 48.975737 58.57564 69.328655 45.178068 51.027941 50.211828 34.368247
0.01 78.012436 43.639463 54.376432 52.620807 43.80077 90.041828 71.030112 68.187519 50.232382 66.053602
0.01 89.064029 39.53301 78.152077 48.282832 52.852623 47.650281 54.67004 109.770572 53.868312 55.875233
0.01 39.204454 43.307048 87.792427 30.067281 63.889122 79.656351 74.67838 66.056716 49.435457 70.582193
0.01 95.033144 12.924887 87.527718 33.446616 54.18705 66.580378 77.942459 42.622562 33.411256 45.819435
0.01 21.93237 34.286529 78.723381 33.751758 42.973944 88.181698 63.87118 41.916366 97.724855 49.670335
0.01 87.86948 40.427006 54.710399 56.129706 56.49204 66.750641 43.193716 110.465416 48.191523 78.435443
0.01 83.753238 10.205191 77.986605 50.609661 62.258432 84.759158 54.089372 60.23132 47.721673 63.833361
0.01 75.85854 33.944983 108.359245 41.42195 52.482231 83.457335 63.920331 79.616635 28.289467 87.367661
0.01 62.55954 49.743568 122.70771 30.411009 24.400334 65.65692 63.361432 89.240245 75.954131 53.786941
0.01 84.110216 37.019257 44.016834 38.442544 51.072954 67.824979 73.64785 99.461832 37.944514 62.032336
0.01 29.509576 34.529367 94.484089 48.063137 34.234718 72.596173 45.086252 83.577343 78.78809 120.768104
0.01 103.468567 30.413097 73.479854 51.691842 40.231602 79.879406 47.155518 56.214026 17.382701 61.642308
0.01 67.131375 37.71555 60.503765 20.050481 64.676883 86.710482 39.100607 31.075796 42.326404 78.980895
0.01 42.320324 24.34889 123.66445 33.848402 41.97212 65.804925 44.488511 118.228153 47.858163 52.617526
0.01 64.893639 32.020099 80.372061 42.190952 41.296146 89.783025 53.956293 99.592522 35.125681 68.55675
0.01 42.45122 10.205191 98.819455 21.834399 45.850914 53.388997 51.232411 100.816016 90.375396 80.621099
0.01 54.702126 27.73539 113.061558 50.362472 64.299146 84.850206 48.966959 38.439033 68.815247 56.954244
0.01 58.823113 38.314955 83.760781 29.324379 64.136721 86.645608 65.144702 63.459956 83.279771 74.268368
0.01 84.037621 53.793341 96.557742 15.957373 68.495054 89.549262 50.082731 81.554162 19.437206 55.135026
0.01 97.232933 14.082551 49.279898 48.461194 66.885298 81.819342 42.318289 65.137481 46.94106 91.56164
0.01 46.321972 30.878629 88.899744 17.228528 63.968317 97.206619 78.918323 88.724831 40.830669 82.874334
0.01 89.227059 53.609152 63.148365 51.620741 46.920845 86.10656 55.556382 95.527042 31.334178 98.386637
0.01 76.40841 19.82698 102.97093 40.185978 40.589591 79.527457 53.874816 52.368281 20.395224 106.491453
0.01 45.034581 11.46948 63.263689 28.887378 48.776103 83.524103 64.927963 77.534334 71.164689 52.961504
0.01 111.424964 46.805198 51.80292 12.577685 51.449862 57.736589 62.32184 35.453186 73.00553 59.682049
0.01 76.59372 45.327411 69.659568 45.775712 64.966072 69.633888 53.79692 71.378351 32.805659 82.97966
0.01 54.84116 28.615634 83.500918 20.332281 46.592058 85.528901 51.729231 103.946228 63.786649 44.65309
0.01 27.623366 40.698204 75.592926 54.539105 58.879114 103.919029 60.777155 95.022503 66.328332 38.891517
0.01 49.473647 24.490216 56.36504 49.01412 38.568997 95.990445 59.238782 20.919186 97.724855 69.464735
0.01 66.835901 49.22961 23.459121 16.853659 59.49994 72.489381 65.388088 84.055733 58.250473 73.994209
0.01 97.375829 34.342191 86.997162 29.537786 44.064952 108.295443 74.855696 83.971175 50.463673 93.080419
0.01 75.095059 23.528599 65.148859 31.894435 49.72056 87.275906 63.780776 86.289763 52.974993 91.3108
0.01 78.045461 36.166579 112.161726 40.019946 57.289968 83.058535 44.744674 35.174143 67.346542 59.001711
0.01 100.986234 42.678723 57.901737 55.898428 58.672436 84.521958 50.797286 35.320453 40.072076 71.654688
0.01 58.387016 38.309733 48.826805 29.282251 57.996445 73.819644 48.904088 105.368055 92.487433 65.55287
0.01 79.578435 33.471363 37.502125 45.351155 48.487054 74.572947 55.022198 91.534618 96.212815 65.900621
0.01 44.487508 52.516662 99.218155 36.315443 48.611012 70.055632 42.335555 64.564151 97.724855 75.005164
0.01 79.04304 31.105372 101.796721 18.315299 68.355173 89.300006 68.437236 97.326464 61.193403 64.32754
0.01 53.153273 38.428538 80.196613 51.949329 61.457373 108.483359 72.061935 68.677001 46.521268 30.851521
0.01 91.226026 40.309087 72.54604 52.102087 44.807186 82.944828 70.165626 49.670105 67.72577 71.407034
0.01 86.225846 53.051654 115.171203 49.46497 61.436531 72.598602 63.527225 44.483631 50.58807 55.727287
0.01 77.299974 34.568558 110.206884 38.55426 35.176443 52.189891 48.330889 106.436932 86.001894 98.176105
0.01 111.784032 44.525206 42.846603 28.162524 34.597422 88.703883 71.691334 62.981295 97.724855 99.284424
0.01 75.235499 28.008333 81.194092 33.574423 64.019541 90.452663 60.03932 54.01668 47.524672 82.831845
0.01 52.579244 25.568018 87.813948 41.569785 60.43969 83.253497 60.314056 88.354722 78.422413 53.604885
0.01 81.780499 43.52191 109.4268 31.748449 45.895761 69.822976 62.791835 87.200097 32.168771 91.998807
0.01 60.040937 53.4672 60.099163 38.569896 59.317045 72.07575 66.966734 94.653226 28.109323 103.160964
0.01 96.427723 28.423359 111.514996 41.494937 55.339512 67.78812 60.109938 55.300751 17.382701 72.601741
0.01 84.040692 32.185317 35.036337 34.901787 47.516881 94.049449 64.663376 68.044886 57.648257 64.138769
0.01 68.452735 10.205191 72.049936 31.087759 64.960845 78.45559 59.212975 116.723813 59.769839 90.575289
0.01 70.410045 32.27965 110.634748 33.944717 42.071487 101.188557 26.506064 69.846162 68.751154 75.53671
0.01 81.441032 36.234851 42.842036 67.653461 53.639944 66.409349 41.309664 97.440548 33.015975 61.131559
0.01 51.108764 53.4672 30.660148 49.987023 46.985684 77.236807 77.177351 33.359403 77.881511 104.854869
0.01 78.738123 37.875792 77.714684 38.318032 44.299326 92.493162 49.115287 73.809529 81.080401 70.781436
0.01 63.205976 49.086399 117.820443 45.575014 50.471816 65.893722 55.450059 85.946018 97.724855 116.655312
0.01 74.312771 43.917143 116.240705 38.344985 47.034712 102.824147 53.619115 22.945934 65.142176 66.048261
0.01 38.076378 35.85382 122.743048 46.971599 62.959031 75.848723 63.432656 53.883851 59.098431 114.910699
0.01 88.977022 42.923853 67.764157 31.075625 38.030249 68.859383 60.365931 62.832566 30.682071 71.388472
0.01 65.837857 45.502965 112.526009 37.511523 76.654971 91.595165 70.071212 65.505353 31.960397 81.528576
0.01 72.742751 53.4672 53.874693 42.540175 35.036959 81.607633 60.225743 81.051299 67.710392 87.365078
0.01 63.197391 11.639603 110.777224 23.942933 21.665157 90.770701 65.592029 42.349852 19.9524 88.435973
0.01 74.900481 47.381764 72.709396 44.531569 58.138848 82.458566 50.941391 76.416061 17.382701 114.939523
0.01 23.396535 17.321472 71.955885 26.496748 59.820052 87.933038 45.473696 72.253754 34.37061 68.403141
0.01 90.066125 10.205191 107.24134 25.22749 46.064047 98.01437 55.926961 54.362701 97.724855 98.379209
0.01 57.878488 39.840574 110.618211 41.144268 35.770607 93.649623 50.131244 104.603387 68.713966 110.441925
0.01 73.571412 31.969745 77.177136 23.510354 61.398708 79.406589 52.378194 109.260715 39.344764 78.687893
0.01 69.2569 44.882082 96.230677 22.355306 50.608369 54.24938 51.512234 76.545227 88.081779 103.223263
0.01 89.801803 19.155043 94.723638 55.528123 48.844185 90.364862 60.399363 82.566625 35.296219 64.375151
0.01 63.631414 53.4672 64.629344 61.047619 65.991809 97.941377 58.49591 85.411713 53.531488 55.564487
0.01 86.125728 33.51649 97.186769 43.914983 65.406475 81.569098 69.018347 55.359938 97.724855 77.980948
0.01 92.838135 37.00964 23.459121 44.233031 55.262911 73.570536 76.633927 54.62372 32.380564 100.310813
0.01 72.834476 31.058694 64.018827 36.578549 62.151313 65.465374 54.865039 70.695999 39.465311 91.541577
0.01 67.306305 15.327204 117.021677 63.66558 58.460641 85.292583 74.583348 66.260758 17.382701 68.674513
0.01 69.656509 46.859052 44.502087 30.717964 53.098872 63.2737 69.406065 59.376214 17.382701 72.328723
0.01 33.60872 53.4672 102.759027 33.945594 47.730346 79.041648 53.932389 62.207943 97.724855 75.87219
0.01 120.971289 36.784444 88.045384 35.420774 53.975166 70.151267 65.822861 103.654163 21.955067 45.044748
0.01 67.511513 21.937164 54.177363 65.890989 42.453826 66.731407 61.66821 54.446637 19.949732 39.550684
0.01 58.028652 53.4672 59.432255 51.056599 72.310351 97.861071 55.958977 103.450169 65.803696 79.530475
0.01 69.616298 20.035988 86.1182 12.577685 48.050198 73.467453 55.948255 90.003082 68.657307 91.994546
0.01 105.405127 28.756523 129.852168 59.594303 44.760354 68.086189 47.039306 118.391701 66.210606 78.949356
0.01 24.846959 37.310903 95.118873 26.980513 67.544445 98.334288 56.056905 118.957894 55.97578 68.341093
0.01 80.529956 23.675462 80.749486 30.160306 66.117668 60.577181 60.177359 63.161371 43.034508 64.718928
0.01 105.449077 10.205191 77.693701 22.76934 47.156109 115.716665 72.675174 20.919186 87.076047 84.360634
0.01 75.014531 24.599891 42.735846 19.129543 37.830669 85.74909 61.610659 87.662745 55.197582 69.320177
0.01 59.353592 36.681402 112.315948 56.411811 36.33786 78.232834 57.262286 83.463409 97.724855 64.368719
0.01 83.257227 50.778978 49.309452 58.940689 36.619707 88.561566 72.876664 23.391574 80.241201 86.161271
0.01 61.742063 29.513762 86.717335 41.737443 61.750091 96.102468 63.832149 83.023536 73.601787 85.858903
0.01 63.258558 29.441473 105.631188 45.085473 49.506514 65.211108 40.981923 39.267615 79.866893 87.465914
0.01 76.399631 31.637007 133.206917 33.590159 53.232967 80.070136 69.325498 69.118266 36.113789 54.693299
0.01 93.97237 31.589327 133.206917 44.956682 45.023374 62.068025 54.003479 96.318592 53.315131 87.653505
0.01 99.638037 53.4672 83.761314 31.424153 60.359883 78.574505 62.867929 98.710547 65.994437 43.225313
0.01 87.066004 23.196692 47.497362 37.256297 46.086415 87.874461 56.402604 57.466403 74.851904 39.473577
