16
0.0625 55.9118  12.2936  14.9734  21.0153  59.2569  52.1953  46.4492  67.5731  29.3385  48.977
0.0625 6.00814  14.7788  82.1778  35.6753  35.8634  37.7016  39.7662  61.6987  54.3014  50.8648
0.0625 29.4837  2.82168  43.0062  41.6901  20.4529  66.8506  50.747  38.7563  52.1774  25.0579
0.0625 42.5831  26.8027  65.1989  39.9951  26.679  45.6983  34.0863  85.1488  47.9901  81.7112
0.0625 31.0737  35.9351  57.135  32.8115  49.5742  84.7986  37.6728  56.4302  45.5042  83.2026
0.0625 16.2584  37.8082  52.675  24.1113  61.8714  56.4888  32.8374  58.9001  21.8262  53.7701
0.0625 32.5762  29.6552  28.9183  14.5742  33.0159  55.461  36.5597  11.5947  50.1315  70.9119
0.0625 35.3688  29.2807  24.0202  19.2679  30.3662  27.6045  31.395  59.1516  50.8575  62.5575
0.0625 85.9941  23.6822  31.8141  22.1559  21.8284  88.8723  41.8443  52.712  67.825  65.2358
0.0625 56.7582  19.7764  50.2001  34.9379  44.8243  73.9086  15.5771  40.8647  58.3683  37.7872
0.0625 39.1535  32.6095  72.6501  6.20589  28.3848  97.2138  55.1676  57.1597  50.2955  31.3968
0.0625 74.8471  27.8165  68.317  32.3729  60.2052  57.1129  13.5995  58.4514  32.4234  48.1574
0.0625 44.7192  23.2994  76.8254  43.4611  52.6762  86.3848  50.0533  77.7454  63.5233  45.5256
0.0625 62.4771  26.1862  63.3048  29.1844  45.3271  24.796  58.8521  23.3566  56.0347  35.3457
0.0625 49.6637  27.4848  94.4061  38.1806  56.148  42.4512  38.2285  71.4917  60.2169  54.8455
0.0625 70.4054  5.4195  72.9293  22.8489  38.5842  44.4167  62.9195  70.0395  51.5713  85.4814
