16
0.0625 73.0629  29.6492  54.1298  11.6888  28.8067  28.8512  49.3343  63.5408  34.0818  66.2604  2.48258  13.9938  25.0858  80.8561  27.5274  19.2433  24.7754  26.3319  18.5008  44.891  18.3368  93.228  42.9232  54.2159  2.3293
0.0625 41.4776  26.4744  79.0093  29.1046  5.80529  56.1386  59.8974  26.2591  36.4693  67.2449  21.6814  11.9181  63.8453  42.5381  10.2284  39.1214  26.2294  83.1009  11.3296  40.5173  2.8244  106.972  45.5327  87.8048  48.0777
0.0625 47.5612  32.4131  41.3885  14.3284  45.2937  75.45  51.8762  71.7015  17.8837  89.1074  24.0537  21.1094  103.967  90.3386  30.5519  28.9661  13.6164  82.5732  7.05874  56.096  17.4123  42.4771  63.267  38.3764  35.4611
0.0625 67.7821  28.8124  89.6089  45.2886  39.7596  23.782  14.8559  64.641  27.9009  52.9999  44.2071  14.827  35.6454  54.1225  26.2667  41.9895  21.2125  88.716  8.73844  18.7027  8.93865  64.7022  44.6608  61.7325  58.5484
0.0625 69.4621  25.2958  70.8709  22.4214  49.128  57.7451  26.0811  40.5417  50.8865  79.2672  38.8579  14.8495  45.8977  112.013  21.5297  17.1796  25.1511  102.798  10.5186  56.4171  9.13604  68.9609  58.8347  33.4162  53.958
0.0625 78.7671  15.0277  34.1524  16.9487  57.1633  51.2452  56.5802  31.9883  65.8472  56.4807  19.701  13.6739  72.7738  86.5254  19.7121  28.2354  17.5022  89.5992  16.9636  49.7961  17.0786  57.0447  23.2519  27.3801  49.2529
0.0625 26.3714  15.1675  28.951  30.6355  38.6894  7.33147  70.4114  44.9079  39.1755  80.2908  30.2037  11.8009  43.1062  78.1046  22.2417  18.66  33.2015  93.0054  18.4157  48.7475  10.2769  43.9425  55.2192  55.3278  47.5211
0.0625 45.6234  18.5394  75.0637  29.4553  24.5363  72.0237  60.7319  75.5019  33.0515  31.48  36.0643  21.5481  19.6609  76.5975  4.78609  40.0767  2.16169  22.4322  16.7667  65.1482  16.0005  51.0718  26.2361  64.1245  36.5294
0.0625 66.1369  35.7063  61.5351  18.2649  21.9762  85.8549  63.7966  72.0424  32.0226  43.4406  17.7372  20.1793  93.4013  65.3871  20.3136  37.5563  39.2728  61.1818  10.5889  20.5576  14.6278  61.0123  16.8362  39.7729  50.1051
0.0625 61.2849  27.9653  82.5129  21.0119  31.1361  76.5494  17.9174  80.1573  40.2008  37.4256  23.0897  11.1377  99.014  87.3069  25.3278  25.2162  16.4053  6.6946  15.7065  42.5181  3.45742  84.9031  61.7426  30.54  59.0134
0.0625 64.5125  30.5719  83.9875  37.4264  53.1062  70.3229  64.9563  51.4463  35.9924  17.5948  25.8277  9.35511  80.1884  44.0976  24.959  8.52908  27.6392  54.1321  12.8231  42.4427  9.65185  45.434  49.3602  48.8173  52.7788
0.0625 39.2308  22.8469  35.9748  21.4844  36.5387  51.7477  48.2033  57.4944  27.1636  22.1114  25.9409  13.4896  53.2132  91.3078  20.341  27.6716  23.8898  72.9703  16.4069  13.529  2.23302  66.9407  10.1557  7.28704  26.759
0.0625 29.8286  25.2144  67.2524  32.7144  54.6401  51.4314  57.6225  77.9642  61.3415  82.8866  18.393  9.64221  73.3238  59.5948  18.5355  24.6141  29.1  111.819  15.003  35.0468  12.0733  89.6246  6.89368  46.0402  50.3715
0.0625 42.5533  38.8731  54.3419  37.04  37.7183  93.6572  56.7405  54.8775  39.1521  48.3349  19.1696  16.2423  82.5686  63.3123  22.846  10.1618  10.0315  94.4181  19.979  37.9523  19.3376  74.3629  30.5022  42.8488  61.9048
0.0625 5.49937  23.9833  58.8074  10.9731  60.875  61.1097  21.9083  82.9841  45.918  45.8681  20.0417  21.7524  14.9312  56.5278  8.66405  31.5098  9.20404  78.2921  9.2047  63.7  14.3216  60.3094  42.1874  22.6209  43.8229
0.0625 76.2597  6.08837  51.7358  31.4263  29.7663  71.3255  47.4805  75.8066  43.4868  71.396  8.05333  17.3734  93.6391  52.6102  32.3282  34.4839  12.7759  90.1709  7.40372  63.9461  10.4441  108.173  22.7173  36.5174  62.5809
