32
0.03125 73.0629  29.6492  54.1298  11.6888  28.8067  28.8512  49.3343  63.5408  34.0818  66.2604  2.48258  13.9938  25.0858  80.8561  27.5274  19.2433  24.7754  26.3319  18.5008  44.891  18.3368  93.228  42.9232  54.2159  2.3293
0.03125 41.4776  26.4744  79.0093  29.1046  5.80529  56.1386  59.8974  26.2591  36.4693  67.2449  21.6814  11.9181  63.8453  42.5381  10.2284  39.1214  26.2294  83.1009  11.3296  40.5173  2.8244  106.972  45.5327  87.8048  48.0777
0.03125 47.5612  32.4131  41.3885  14.3284  45.2937  75.45  51.8762  71.7015  17.8837  89.1074  24.0537  21.1094  103.967  90.3386  30.5519  28.9661  13.6164  82.5732  7.05874  56.096  17.4123  42.4771  63.267  38.3764  35.4611
0.03125 67.7821  28.8124  89.6089  45.2886  39.7596  23.782  14.8559  64.641  27.9009  52.9999  44.2071  14.827  35.6454  54.1225  26.2667  41.9895  21.2125  88.716  8.73844  18.7027  8.93865  64.7022  44.6608  61.7325  58.5484
0.03125 69.4621  25.2958  70.8709  22.4214  49.128  57.7451  26.0811  40.5417  50.8865  79.2672  38.8579  14.8495  45.8977  112.013  21.5297  17.1796  25.1511  102.798  10.5186  56.4171  9.13604  68.9609  58.8347  33.4162  53.958
0.03125 78.7671  15.0277  34.1524  16.9487  57.1633  51.2452  56.5802  31.9883  65.8472  56.4807  19.701  13.6739  72.7738  86.5254  19.7121  28.2354  17.5022  89.5992  16.9636  49.7961  17.0786  57.0447  23.2519  27.3801  49.2529
0.03125 26.3714  15.1675  28.951  30.6355  38.6894  7.33147  70.4114  44.9079  39.1755  80.2908  30.2037  11.8009  43.1062  78.1046  22.2417  18.66  33.2015  93.0054  18.4157  48.7475  10.2769  43.9425  55.2192  55.3278  47.5211
0.03125 45.6234  18.5394  75.0637  29.4553  24.5363  72.0237  60.7319  75.5019  33.0515  31.48  36.0643  21.5481  19.6609  76.5975  4.78609  40.0767  2.16169  22.4322  16.7667  65.1482  16.0005  51.0718  26.2361  64.1245  36.5294
0.03125 66.1369  35.7063  61.5351  18.2649  21.9762  85.8549  63.7966  72.0424  32.0226  43.4406  17.7372  20.1793  93.4013  65.3871  20.3136  37.5563  39.2728  61.1818  10.5889  20.5576  14.6278  61.0123  16.8362  39.7729  50.1051
0.03125 61.2849  27.9653  82.5129  21.0119  31.1361  76.5494  17.9174  80.1573  40.2008  37.4256  23.0897  11.1377  99.014  87.3069  25.3278  25.2162  16.4053  6.6946  15.7065  42.5181  3.45742  84.9031  61.7426  30.54  59.0134
0.03125 64.5125  30.5719  83.9875  37.4264  53.1062  70.3229  64.9563  51.4463  35.9924  17.5948  25.8277  9.35511  80.1884  44.0976  24.959  8.52908  27.6392  54.1321  12.8231  42.4427  9.65185  45.434  49.3602  48.8173  52.7788
0.03125 39.2308  22.8469  35.9748  21.4844  36.5387  51.7477  48.2033  57.4944  27.1636  22.1114  25.9409  13.4896  53.2132  91.3078  20.341  27.6716  23.8898  72.9703  16.4069  13.529  2.23302  66.9407  10.1557  7.28704  26.759
0.03125 29.8286  25.2144  67.2524  32.7144  54.6401  51.4314  57.6225  77.9642  61.3415  82.8866  18.393  9.64221  73.3238  59.5948  18.5355  24.6141  29.1  111.819  15.003  35.0468  12.0733  89.6246  6.89368  46.0402  50.3715
0.03125 42.5533  38.8731  54.3419  37.04  37.7183  93.6572  56.7405  54.8775  39.1521  48.3349  19.1696  16.2423  82.5686  63.3123  22.846  10.1618  10.0315  94.4181  19.979  37.9523  19.3376  74.3629  30.5022  42.8488  61.9048
0.03125 5.49937  23.9833  58.8074  10.9731  60.875  61.1097  21.9083  82.9841  45.918  45.8681  20.0417  21.7524  14.9312  56.5278  8.66405  31.5098  9.20404  78.2921  9.2047  63.7  14.3216  60.3094  42.1874  22.6209  43.8229
0.03125 76.2597  6.08837  51.7358  31.4263  29.7663  71.3255  47.4805  75.8066  43.4868  71.396  8.05333  17.3734  93.6391  52.6102  32.3282  34.4839  12.7759  90.1709  7.40372  63.9461  10.4441  108.173  22.7173  36.5174  62.5809
0.03125 24.4033  31.4317  63.5442  47.3484  52.4284  35.9672  68.5859  78.3449  47.9356  13.0389  33.8504  27.1441  70.8996  115.247  28.1534  28.5347  15.8436  63.2762  14.317  37.346  18.0014  86.2973  45.3822  80.9589  26.3698
0.03125 74.0677  9.2406  23.017  25.6857  8.77722  22.8824  10.9807  60.2129  37.2311  35.7231  26.0065  16.7548  94.5959  113.319  14.8263  18.0275  26.015  104.858  22.3128  30.1996  12.1378  33.1851  33.2193  45.379  39.105
0.03125 40.3713  22.46  72.0906  24.0268  58.6903  44.6001  30.3904  35.0487  40.8287  64.6026  27.6099  19.3718  57.0722  69.4102  19.0096  25.6684  38.7718  101.218  5.56813  23.1943  7.71331  23.5536  34.7013  55.2958  21.1873
0.03125 51.2347  15.7323  93.1235  35.9588  26.9311  87.2143  34.1258  55.7046  44.6725  54.7299  11.7837  21.2868  95.8166  67.175  10.8349  22.8271  23.8456  67.7988  11.8658  35.3251  4.63031  53.1849  50.0248  23.1965  33.6818
0.03125 75.13  13.8443  85.9661  20.0989  41.8719  69.2008  41.8996  57.5032  58.2051  81.8639  41.2433  19.6673  80.5575  73.6127  27.3813  34.3759  14.6636  79.7735  21.2414  46.6695  15.8877  59.9789  28.2917  53.7748  40.0584
0.03125 72.1076  37.0065  50.2435  31.0862  20.0227  34.1388  44.5599  73.7805  33.422  47.7239  32.0158  15.8379  41.8107  93.0107  33.1634  22.289  18.8202  75.363  11.3755  7.18506  14.4417  86.6525  31.2429  58.1572  42.6834
0.03125 56.381  38.0732  17.5199  39.2398  26.3021  81.0525  46.8506  44.1405  42.5486  72.3925  39.741  23.5255  84.2096  32.867  14.4824  6.83714  24.117  57.932  23.0385  44.4537  7.65737  67.2756  52.7028  53.6884  24.4873
0.03125 83.0516  18.4094  24.7233  29.2554  50.5936  62.8511  52.9827  72.384  59.7467  16.5176  34.9209  21.4177  104.765  102.094  24.8276  32.2728  32.6277  69.2146  13.5325  48.8583  11.8568  49.8006  40.5872  49.7311  30.3237
0.03125 81.6391  32.2623  26.6084  48.3949  60.6884  29.7786  50.7948  47.2902  48.948  43.1724  10.2  24.8679  50.2951  41.4379  20.9041  45.5819  25.0345  113.883  18.3598  73.1284  3.75077  96.0637  41.919  62.8903  43.1343
0.03125 28.1672  27.3614  60.0616  13.1727  27.6638  81.3367  44.2064  11.0874  55.9174  52.3572  32.9514  25.4813  58.4026  97.6854  27.183  39.6252  27.1286  56.3999  23.2334  61.0942  7.04343  75.819  18.5482  73.2081  39.1275
0.03125 48.5028  33.5705  68.4332  47.9212  57.6946  38.7505  25.2167  78.9138  69.2317  67.0228  42.7141  19.0417  89.4198  56.4725  12.2724  30.4585  36.5507  39.2577  14.5454  52.934  15.9289  72.4888  41.1982  23.8105  55.8423
0.03125 71.1962  21.5918  32.481  40.0406  22.2991  40.5361  28.4674  45.1616  55.5677  59.3126  24.5244  5.15816  109.446  75.0242  8.11102  42.3028  25.6896  41.2488  4.31612  62.3764  17.3655  65.7572  29.3835  76.1552  38.5155
0.03125 44.6238  36.0381  64.6817  34.5951  30.0952  14.2768  55.3763  47.2754  34.6576  43.1291  38.1205  8.09636  88.1703  62.3502  17.9923  32.9166  33.9929  35.5769  11.4433  65.694  14.6926  53.8995  27.0658  23.5936  32.9271
0.03125 53.8518  11.8498  52.8052  36.738  41.6719  84.8941  37.3696  47.8103  16.0828  72.0173  39.8661  20.1281  76.7666  76.1483  28.0091  31.2195  27.3695  48.2653  1.81707  51.7261  13.0805  48.9306  5.37697  70.2928  24.1137
0.03125 54.7032  17.6762  38.7199  24.7439  17.4641  82.6713  48.5792  70.27  63.0801  23.7852  33.2453  19.5734  59.6809  75.0026  2.10521  15.4665  31.671  84.6434  8.62348  36.4001  13.0317  94.8069  35.1732  83.9387  52.1803
0.03125 59.6654  10.633  59.9233  32.9412  50.8847  95.17  58.4042  61.6318  59.3166  51.0745  21.7658  6.61788  49.8933  8.58348  19.0475  35.1006  22.6964  67.1683  16.9675  15.5796  14.0584  72.102  61.7266  69.3206  11.544
