100
0.01 68.997195 37.29015 79.111412 56.492857 48.719206 90.361574 41.466233 56.101198 31.120866 104.183127 36.655743 34.81079 85.505047 109.353118 42.059887 30.148889 35.448785 92.000074 28.634692 49.679474 17.54995 27.642978 29.275158 92.174504 93.985237
0.01 89.027373 28.058041 27.25105 25.05827 15.553568 74.60465 42.609261 96.264141 65.45073 86.661202 36.781648 20.602816 128.500696 134.009118 24.858271 36.668026 32.530097 80.52072 23.779112 75.034896 22.475725 64.714816 73.905563 116.678054 52.55096
0.01 76.280729 33.015667 73.797855 45.1039 39.486771 100.085299 25.706139 57.897203 59.852018 77.669183 43.411335 25.987856 88.535313 133.683449 21.671328 32.922269 35.203882 52.361597 21.609565 77.822922 14.80864 110.206645 59.753769 73.002972 43.220601
0.01 54.771678 33.329722 47.413893 35.97279 89.801756 39.77554 43.926391 85.728558 49.831878 97.778214 32.522052 36.654696 46.736664 29.593806 44.173094 23.743456 45.938962 44.833562 11.041578 72.553107 18.535452 86.492847 60.276127 54.793589 58.593995
0.01 67.942276 36.818075 105.758771 50.286571 29.750253 96.930956 29.576267 67.952568 92.187433 52.942638 52.211049 32.609974 97.543622 84.969809 7.134216 34.290391 46.436131 133.38694 17.180207 78.038836 14.850375 154.164642 58.069308 98.183266 90.313515
0.01 55.800362 37.434655 70.385472 41.491585 71.61203 59.967979 68.857302 86.727766 40.964527 87.061385 47.422353 22.953258 96.084491 103.87034 22.136298 45.806931 39.749453 140.332754 10.526295 67.780935 16.21787 154.164642 72.273974 102.750977 30.435455
0.01 64.140766 29.440594 70.523972 15.710811 61.168231 104.334868 70.158426 54.844563 36.433312 93.541149 29.930652 19.885014 57.58257 85.301769 24.312664 34.323565 10.443935 76.731244 5.142363 52.834062 19.853397 61.089454 52.369803 55.118646 49.591732
0.01 92.643485 32.672285 98.139276 54.380007 89.801756 53.605437 91.44082 74.549522 71.197046 81.481589 31.92953 19.080307 111.070948 52.948839 35.20049 35.297952 33.94541 107.902615 19.832101 64.616495 18.680189 98.817413 69.290882 79.211735 54.67837
0.01 83.074605 27.01535 75.650668 53.400029 89.801756 67.545404 30.32065 79.325374 73.61968 54.862539 33.191104 9.791894 128.603341 100.188647 45.391708 47.98575 21.696819 56.038315 24.208387 49.532071 22.189258 88.161757 64.561009 63.464538 68.085647
0.01 68.538684 32.019509 59.083508 30.619062 57.832385 116.985448 48.474507 61.843447 58.01512 97.200564 41.946333 18.569187 107.983228 85.778642 24.279545 49.960341 44.989706 112.778581 20.760602 70.672546 20.948615 27.642978 57.043868 80.206535 64.779024
0.01 54.957226 26.649266 68.213505 62.199495 56.616289 75.549445 63.637122 75.406624 93.039493 53.980899 39.384683 22.270724 109.403878 55.660097 7.134216 40.840235 31.542355 90.339194 11.427538 57.056117 13.488443 115.188729 58.950525 58.699125 55.459781
0.01 54.004195 32.064552 59.392782 46.727073 66.569006 65.263573 74.756875 95.214932 97.2006 88.347133 46.733528 28.518027 85.691626 133.572611 20.585355 19.918674 29.166004 88.894876 26.137467 60.681714 22.216817 121.896843 58.133248 59.939785 22.110808
0.01 65.411424 33.252152 68.150903 30.956777 15.553568 56.927208 41.747598 61.154124 68.010131 104.60332 29.882888 26.948432 140.11205 30.526422 37.722639 32.165112 55.561911 84.147278 10.710528 39.005467 18.348602 106.371287 63.873898 54.41753 54.523855
0.01 84.343817 26.129007 96.493589 40.097924 87.260935 122.013486 71.455389 61.887581 91.622688 63.118582 37.50568 17.693526 127.546612 72.657869 34.947077 24.935939 35.864371 118.726583 16.286735 47.698261 24.082492 131.091352 60.510073 92.842907 70.164474
0.01 94.133275 30.203047 120.784708 46.41847 41.524623 96.89504 69.097906 45.218424 61.623789 70.857366 28.372951 29.009732 104.836963 29.272105 36.546474 51.593667 50.778615 82.278425 15.143036 42.606797 13.069119 88.786571 40.790324 82.664545 61.907005
0.01 81.640768 27.195055 91.637348 68.58124 41.701949 85.012548 50.896758 77.26669 75.332705 91.544735 32.875373 19.596121 73.269849 94.086856 29.174747 47.195065 29.594649 129.448119 18.14405 63.439605 19.155122 46.589915 51.604389 76.03408 33.877457
0.01 67.762885 28.147731 66.304311 37.283976 45.257059 87.152323 22.249889 88.973898 81.029982 74.276942 32.186532 18.254407 65.575848 73.743161 38.504851 36.330348 34.256235 153.56758 15.191353 72.404173 19.216123 31.565502 61.871463 103.479714 44.867615
0.01 63.284585 37.481324 90.730144 46.671912 89.801756 92.251597 37.100911 64.535041 42.722915 94.769135 21.198648 35.106663 129.972698 92.835829 20.781005 39.85883 42.420203 134.412553 23.033931 56.187803 20.912154 102.481585 48.35564 71.425263 59.178529
0.01 60.403559 24.607452 64.748517 34.679656 64.553317 68.387389 66.467329 77.845078 66.626528 92.082292 41.364207 14.26267 104.854772 81.977134 39.893477 24.613388 24.640631 60.909132 12.497917 53.079899 14.574297 83.00484 50.389316 64.020818 45.972816
0.01 61.270816 36.549237 43.607335 48.02395 59.378881 102.693572 59.654318 82.904054 68.729901 79.94587 27.389484 17.763134 118.405039 139.97834 31.163013 25.30555 48.593146 82.946314 33.28734 47.876695 9.492074 42.016205 66.126125 84.397944 58.785719
0.01 65.806403 31.993116 71.7152 47.779836 73.954185 98.107968 48.529577 81.147916 62.588696 68.757469 33.24804 22.039097 136.018551 112.612898 16.535703 41.337788 48.811679 112.241558 22.701906 69.119986 12.140401 56.189189 50.18686 64.861029 22.372556
0.01 82.143808 32.288508 94.660027 48.593526 65.189498 112.958525 55.279454 34.600614 74.137052 39.675324 32.539794 26.83694 98.035498 132.749394 29.263843 30.645937 49.502328 61.355398 5.142363 52.811689 23.150294 107.875061 59.560402 100.662918 61.740724
0.01 64.642181 41.818113 85.321745 47.659025 15.553568 46.628672 31.038011 77.590591 96.568977 42.599731 34.364661 27.043583 90.542866 65.060455 24.99944 43.644249 45.857333 133.003613 21.118218 58.904912 17.653595 137.22217 58.707399 51.962068 21.955854
0.01 61.08463 28.831524 104.389948 40.342212 84.823059 68.245978 29.87243 83.539174 16.948646 81.975455 38.067887 18.540505 98.705318 29.272105 45.391708 43.1857 45.283481 92.253833 17.15052 59.903173 12.940212 154.164642 36.144582 58.382 44.821753
0.01 62.757246 36.371794 52.752556 40.787729 60.045083 77.24526 26.451541 90.692742 61.122975 81.65525 27.894342 17.110165 53.951187 97.879929 39.128269 48.960335 37.062436 84.970895 21.627594 61.25006 11.695079 154.164642 59.387257 62.768563 49.578086
0.01 72.548448 38.319599 81.782546 18.559014 69.086256 82.588922 29.596175 88.767695 45.499406 86.387659 41.562505 28.013964 50.271914 81.093603 22.508275 29.619906 30.771058 73.553901 22.253766 55.7393 12.836256 147.216355 44.817721 107.049255 34.833914
0.01 78.355583 28.442951 90.260137 68.58124 35.312322 117.923827 17.39117 65.831023 57.502358 101.853274 35.241135 28.513133 119.008656 40.088266 26.544655 31.690199 39.969945 84.046451 20.584611 50.994563 29.555269 35.637139 47.154381 87.139049 48.737119
0.01 60.93746 31.334937 82.330536 41.812457 73.689826 66.992341 43.472443 73.652588 34.322705 87.9995 40.803799 25.439942 77.508674 149.842429 38.023305 50.28021 48.122062 53.816338 15.283257 80.429774 9.396244 27.642978 59.049853 84.518173 49.788426
0.01 53.680585 34.097079 79.524248 42.565905 70.093537 94.617798 50.072367 82.378096 40.293013 59.133805 31.058125 26.229085 84.934854 77.739079 27.212858 50.253494 16.478905 104.077425 24.155161 66.468199 17.981677 55.987132 65.771118 95.250644 53.803939
0.01 71.788832 34.829865 127.976622 27.468549 63.187351 79.451512 36.075932 39.189015 60.334526 85.24353 28.155717 16.893989 135.66884 161.568838 7.134216 21.356932 37.139541 129.065452 5.142363 75.79841 19.259925 53.55128 83.544906 103.089656 60.093455
0.01 70.728014 36.650001 64.470441 68.58124 78.233865 107.187385 44.302551 63.029619 85.440362 83.583779 35.502125 24.073982 145.844798 66.774268 18.556035 35.241719 36.28565 89.423981 23.873628 57.283381 18.227983 140.628073 41.961597 55.722428 42.128427
0.01 81.225731 35.890617 68.099409 37.616139 40.638301 91.025421 64.789334 84.083361 56.898947 68.000574 19.770087 25.866481 118.372716 127.199704 7.134216 39.744597 33.442835 134.122181 23.516487 58.934786 7.993899 87.041183 44.840786 63.948659 66.458248
0.01 72.598033 33.351689 73.017313 62.17262 39.053828 87.936509 54.050442 93.607183 62.637828 60.96258 30.492492 13.584415 94.246008 44.525495 42.856959 40.47232 44.924118 117.268343 8.374923 52.497091 13.30681 154.164642 69.819336 57.504881 52.278975
0.01 85.404418 37.471247 79.581414 32.056038 89.801756 92.465058 73.015588 90.937512 21.520928 66.164508 31.08426 13.704176 84.533285 86.8555 33.616652 29.107043 39.605163 74.427508 16.951586 57.854974 25.259626 27.642978 69.801103 72.657143 53.555832
0.01 89.098963 35.476697 73.486469 37.701599 25.159004 90.883771 38.293273 78.417598 59.747592 71.589717 32.451415 16.377376 118.223407 113.464932 43.26927 28.419508 23.142346 76.741506 33.28734 61.180289 22.847154 39.321928 53.566623 76.19004 72.857835
0.01 84.596822 32.102144 61.899568 43.009012 33.587503 82.843565 41.255118 45.579091 46.966165 68.835572 25.350258 24.540907 158.051609 74.403065 36.927627 46.134943 38.445957 69.722494 16.814521 74.332415 16.98526 65.24568 47.966012 78.73884 43.402393
0.01 74.932961 35.95283 83.860353 37.621672 27.492689 93.992627 59.716982 61.860995 81.448332 43.098738 43.068125 19.962071 158.051609 82.448757 23.115937 18.855334 26.668361 38.79512 13.238194 41.025325 12.682135 102.173957 45.035636 88.35189 34.239426
0.01 58.305922 34.41978 80.745758 39.939524 56.526235 107.53532 48.183964 82.883841 16.948646 65.499981 27.939386 20.629646 80.299498 82.34477 33.848268 38.582374 31.117467 90.311701 18.973805 71.398834 9.084114 105.581319 67.450609 59.655616 81.657646
0.01 55.914747 28.128798 80.217313 29.532086 32.126443 62.922326 48.678459 67.046763 73.880213 72.823155 35.980054 25.173523 82.49057 85.523825 27.972914 35.963067 32.04618 122.831735 25.606474 63.043634 20.234958 154.164642 56.231075 54.955446 52.473238
0.01 77.341782 34.260564 94.217757 49.951578 15.553568 68.833546 57.226117 96.79424 69.472974 81.662123 26.121101 13.957343 45.319734 148.302765 12.735168 10.347002 35.758305 67.365262 31.419543 62.147057 14.65821 58.608197 67.013337 54.587431 73.028276
0.01 74.527502 24.083641 84.903195 57.438945 15.553568 53.953964 54.138164 71.386173 70.348098 73.406617 39.169399 25.021932 109.311765 81.959128 34.284688 39.34627 22.382392 82.973797 17.540126 66.692211 28.189693 119.517498 43.792053 52.397569 16.763417
0.01 65.06547 32.860873 73.356632 52.215118 45.55867 86.664143 88.519313 57.942687 42.649159 69.820289 48.811531 21.956438 105.049044 113.067991 12.059466 12.268075 27.215425 117.987225 18.80924 57.315605 15.698883 125.547458 54.059063 59.63011 62.903909
0.01 89.440076 32.921134 116.236664 34.228895 83.24297 92.392475 25.100778 66.916016 30.883446 94.712769 28.432462 30.399075 95.165778 82.33382 19.542205 21.623832 13.092454 64.892964 15.140516 64.506021 18.84172 27.642978 42.182254 71.164834 59.803279
0.01 68.65042 31.348589 54.265721 33.242691 50.791186 83.601465 64.180624 79.866676 76.18487 89.36047 33.129917 14.846342 110.482879 161.568838 27.427682 42.035239 55.561911 42.724374 21.501522 69.91928 11.950857 82.070039 53.927331 93.009604 58.236457
0.01 65.196512 33.011352 76.013272 60.078861 18.643409 52.908356 39.564297 70.36408 40.292865 70.785627 40.939789 15.348787 121.290796 128.496432 25.2913 36.692125 29.707175 65.762586 23.918223 55.449208 17.848406 119.886237 57.330693 87.496697 56.088415
0.01 62.604372 30.046793 88.981603 12.004918 38.973522 78.179675 40.935678 70.765537 60.969246 84.808653 51.111787 14.709694 82.474621 116.182033 40.649812 39.709482 26.672584 30.179424 18.438749 40.107937 15.444859 116.90403 66.845442 85.853612 77.543576
0.01 98.9195 33.144026 127.183385 58.372999 88.402477 59.970491 56.288454 76.043732 67.344633 59.886182 30.125197 25.679366 60.895354 105.62705 14.565642 17.423066 50.272671 116.365103 18.602823 59.637542 27.422858 100.747384 42.156684 63.615351 71.567982
0.01 60.866887 30.978361 92.340889 48.951067 37.239452 68.755275 62.518474 104.838039 16.948646 70.442551 31.944823 18.605976 158.051609 85.786319 38.636001 47.72827 31.973174 113.061504 19.660996 59.085325 23.377199 61.828506 56.875252 67.843019 36.553293
0.01 71.056002 31.705962 103.249216 18.927352 89.801756 75.987599 58.511823 47.350757 57.355511 54.02203 28.459674 12.574232 109.597817 29.272105 21.6564 42.382979 31.709474 101.571846 14.871765 60.064734 9.455367 124.356329 52.344504 76.661017 65.964502
0.01 77.251672 32.460343 84.517393 28.134094 32.46923 71.760565 63.103925 59.976307 80.972726 74.803172 34.184358 20.991239 76.837229 95.698771 37.83172 25.155275 16.378861 124.461879 29.005263 65.994007 19.181737 124.428947 66.19253 79.679436 38.651206
0.01 77.18907 31.980928 51.544659 30.862738 35.651557 86.911868 56.732705 78.804401 43.244976 52.782441 29.20542 26.089938 84.206438 108.084694 36.461451 38.912639 39.709719 99.390071 24.548594 70.053565 17.281796 51.791307 48.055783 47.733011 39.521254
0.01 64.598056 32.084476 64.324758 45.36185 68.044253 72.929744 63.06324 69.855665 47.74159 58.231772 30.206967 32.173235 120.620032 56.268184 23.406888 37.498925 36.652172 50.191508 18.661584 71.339913 27.226069 143.219959 64.6766 72.688131 19.65872
0.01 90.74939 31.704976 89.609575 54.052408 15.957446 59.555887 41.391484 73.834043 78.939654 82.530643 40.815131 21.963153 74.408093 109.847639 37.123691 49.013141 23.113305 103.229756 14.904456 52.374288 24.648391 100.835652 62.171256 76.623354 16.763417
0.01 67.846999 31.326203 98.550659 37.677823 15.553568 93.071461 55.620402 78.75287 27.614241 83.143693 19.202482 14.604248 103.373614 67.489589 23.836055 52.297164 32.885439 39.283534 12.475532 46.121887 15.116107 134.665139 62.658988 58.589246 54.568604
0.01 62.668017 32.544386 73.169106 42.517089 46.412637 102.489202 30.218181 73.074954 48.230477 75.6766 41.986146 25.608543 60.026609 77.386224 17.875157 42.06402 34.538368 41.48488 13.896084 56.270847 13.116336 47.537098 43.76155 67.323812 58.747756
0.01 70.19661 29.518471 61.198063 37.974516 48.756007 98.961769 21.747648 60.694804 86.139355 89.945242 41.682122 25.634686 116.446248 40.975517 7.134216 55.308783 44.139564 82.807238 22.159927 60.93065 19.130745 50.688917 67.457745 45.430533 32.091674
0.01 73.253296 25.455869 81.81066 37.782134 84.003652 77.196995 46.711338 62.837024 70.928707 73.423017 34.416104 35.239469 85.258221 99.329477 45.391708 63.586466 28.300089 94.583706 10.941116 80.645952 11.701832 105.10081 36.167517 48.813032 24.359681
0.01 66.439954 34.437726 63.553257 33.287705 89.801756 92.284597 27.32738 89.068086 42.966173 84.950718 28.041202 22.480365 51.466819 99.046501 32.960501 42.421918 24.384276 80.301358 29.097179 56.362724 19.16551 92.075004 52.524092 55.570193 46.640728
0.01 59.788043 33.323322 51.657472 27.598579 86.979665 98.755429 80.017418 73.799446 61.113796 103.997424 38.286536 34.444938 105.365152 115.009074 24.14021 48.357498 31.239002 29.146091 18.664608 41.175941 20.408955 71.432901 53.21028 60.870723 16.763417
0.01 60.053802 32.26736 89.650547 12.004918 22.057264 122.055375 63.940305 65.888881 47.775183 36.469037 34.916623 19.850419 85.697294 114.015327 24.600837 29.670211 31.279647 43.537947 33.28734 33.11507 11.454709 75.785492 37.669379 88.644909 16.763417
0.01 65.43995 24.92535 87.385851 43.15135 82.880693 77.134488 86.054749 65.431858 90.758384 95.281802 40.725837 20.984603 145.761343 59.222427 43.896025 12.431054 36.76593 65.94004 12.520999 60.452899 16.208769 75.886599 58.207652 65.955989 68.982564
0.01 76.209111 35.109269 78.102487 37.796013 82.170421 84.355709 34.819464 53.938952 84.47385 67.827758 37.888922 29.787248 37.035577 44.324609 7.134216 54.942751 41.394999 107.297481 19.227747 72.850312 14.189384 59.34861 41.633626 71.914999 93.26704
0.01 67.468476 26.806371 63.548748 37.954841 22.507701 97.21408 66.994967 79.015208 97.2006 51.860927 35.962645 16.31354 120.972705 95.406697 29.226909 27.588711 49.298856 120.297009 12.957359 53.528718 21.1422 102.975359 34.404398 66.620356 23.321548
0.01 61.876715 36.157288 105.068127 43.941548 69.163284 100.963738 50.277625 78.134023 24.816319 78.98918 35.280938 14.740071 116.661663 105.293808 15.182194 32.900541 35.808227 51.70664 13.885146 66.182762 19.035852 95.977152 57.722689 62.723651 33.196774
0.01 53.173011 32.316903 79.6541 17.970278 89.801756 81.789525 38.791979 75.21337 27.62387 72.026396 43.904324 23.59587 96.207985 56.990973 29.681565 27.749664 15.94056 38.452776 16.38282 70.176098 28.462809 154.164642 40.006801 87.885539 48.861899
0.01 50.417313 34.40768 76.457391 12.004918 72.497179 66.901015 17.39117 62.917862 50.208466 69.882153 45.721883 26.095084 112.351663 50.613633 38.76936 10.347002 29.532803 84.958655 13.26623 63.775365 10.918472 64.483638 50.438243 83.152508 68.085682
0.01 85.02321 41.56209 95.979185 48.820973 89.174894 70.854456 96.811139 88.732475 93.962269 78.805345 25.996003 29.080507 101.301346 91.767545 27.343989 52.083991 37.385297 76.863672 22.009806 79.826317 15.931696 69.500623 48.380911 85.513486 93.985237
0.01 65.054756 32.084911 86.399737 48.718861 58.255456 89.19593 25.82538 51.125426 42.108787 62.32505 26.041646 27.615272 60.142251 161.568838 17.352043 35.757235 31.503937 111.162575 19.111099 71.035431 11.33027 134.10454 62.761435 70.727752 52.409028
0.01 66.672501 32.776888 84.171583 29.461666 48.317021 74.547133 60.028911 39.166362 97.2006 101.673793 42.685233 24.347452 59.132604 83.005853 24.843204 30.68112 17.862036 57.447721 19.468584 72.532111 21.338679 139.339934 58.810172 86.387882 43.025954
0.01 70.330237 26.930105 73.6726 36.015264 38.147379 65.087369 42.236135 107.875104 48.95631 50.720987 33.621312 25.450847 95.237768 100.482194 21.186166 40.325427 15.906731 99.37771 17.577644 67.917854 19.84478 147.057643 35.036184 58.75967 55.952998
0.01 96.528525 32.338546 46.648738 68.58124 89.801756 94.568465 58.469832 88.66954 75.075339 72.286632 39.190575 19.113341 78.22497 105.664186 31.202188 29.887251 43.395467 34.029335 20.289978 51.099642 17.100532 108.409521 45.587113 79.27586 69.625849
0.01 78.507723 25.591667 46.357877 12.640898 15.553568 85.316365 89.360853 61.157448 43.997998 69.360056 32.336159 31.930605 87.508919 88.729928 16.247823 63.586466 28.602717 139.579313 28.544358 65.125577 19.620803 39.263117 54.914987 96.840775 58.985136
0.01 67.610338 30.152133 69.98657 46.513337 46.682909 95.701869 58.581703 75.885247 70.454749 77.138844 57.157011 24.135013 113.500271 111.787251 7.134216 43.985254 43.315984 84.216186 27.788694 55.721657 12.494523 107.909635 60.980247 88.565307 68.842711
0.01 59.295361 31.04307 55.373298 47.973266 61.762867 74.378199 93.487135 90.15035 39.543595 63.593199 47.249648 14.84954 87.260904 83.956233 15.022131 33.656417 46.953022 82.76561 14.189892 71.524821 22.402225 102.409163 50.139809 110.496771 24.980114
0.01 78.431267 27.35789 82.157161 43.82717 33.281353 78.44369 92.132706 73.78756 67.250927 79.349368 53.412292 20.609422 66.301397 63.954465 30.374204 42.437039 24.925407 52.861274 9.648601 59.677897 18.526687 138.213137 63.610967 74.532842 44.694144
0.01 77.799698 34.689193 94.601209 31.736068 28.661917 74.761645 44.62988 93.935297 41.382982 46.281779 30.420435 19.110137 77.870174 150.959205 10.489683 47.791835 37.308605 105.30222 26.580213 55.97849 23.020299 101.929151 55.019963 85.982451 58.406302
0.01 64.841079 29.399362 69.531088 23.21704 89.801756 98.096493 37.473148 62.975353 43.480953 65.702503 44.17565 14.667071 73.125431 97.043031 18.263031 36.272128 30.557875 112.872508 21.993715 73.201696 28.215049 87.203187 63.53512 67.716547 51.935371
0.01 59.633996 35.526684 75.578185 42.206943 45.424159 55.794396 58.852805 85.647752 38.031129 79.590361 33.89472 27.255101 86.525324 129.761805 20.291793 35.080115 15.974325 74.841951 24.994602 41.109724 8.740339 45.427891 71.684331 105.479079 60.672437
0.01 59.280592 32.624646 71.773254 47.599369 89.801756 86.000898 44.876622 76.997137 76.455303 63.371447 25.947462 27.201761 97.452642 161.568838 19.829641 39.478917 30.105056 90.153726 18.537149 50.844426 19.137709 51.395858 55.357772 69.187369 69.653116
0.01 76.246025 29.510843 86.181264 39.817258 72.417837 95.975775 48.783365 64.314788 52.792405 67.675236 40.030488 29.403519 43.563561 98.560118 11.490726 25.88455 30.268223 124.741789 18.101054 55.366176 19.914237 83.71314 42.195681 58.353128 40.818717
0.01 49.488548 32.685084 66.152695 61.23685 51.291333 85.42151 57.974085 89.65918 64.631123 61.240248 31.669647 22.638801 27.490695 122.211936 39.651407 46.690331 36.964426 68.797729 18.830089 58.402576 26.111378 114.179354 50.046391 80.468221 73.004148
0.01 68.615834 29.059117 97.962196 45.056089 15.553568 54.893668 34.903434 57.701642 49.456254 124.18793 35.826245 23.324716 106.291025 161.568838 30.232646 16.112645 48.752917 123.176696 23.203488 67.782285 13.690437 95.485701 46.279637 39.094632 68.955135
0.01 82.453994 29.196534 71.33418 35.905454 23.561834 96.694837 50.098616 43.015898 60.959127 48.471844 37.566379 19.253768 140.561132 116.131615 8.65461 34.500965 29.407029 93.113487 10.280217 70.383755 16.150395 92.843788 58.309411 92.174818 67.641302
0.01 67.894669 28.012053 87.956197 32.887138 24.761166 83.673575 75.234648 44.731508 51.639309 79.353442 40.807299 16.236473 39.063792 110.37266 27.615342 55.306572 38.25799 118.808958 19.6751 34.525682 15.074299 27.642978 41.978365 62.758594 34.349032
0.01 93.941129 31.565595 74.246571 58.979604 59.183391 96.234132 62.365038 60.516815 21.587611 86.105029 34.334846 27.299615 62.293141 140.49682 16.97133 10.347002 52.51005 119.005931 18.571726 48.234643 27.811002 121.778722 43.609195 74.905361 47.822395
0.01 43.189289 30.885032 72.596052 27.224583 60.770554 60.951599 41.799178 49.603242 44.414134 98.411441 30.803311 21.652497 112.352401 117.623644 7.134216 39.492169 24.518503 103.813003 18.79479 47.498805 19.520377 27.642978 62.199487 63.803024 68.67575
0.01 91.584519 29.897221 89.596465 62.039815 89.801756 70.725551 29.522006 99.777655 23.320804 76.053855 33.019688 25.618885 66.767467 117.506793 16.186233 42.729837 27.68558 142.436005 15.97818 76.190564 9.880149 69.431616 53.697469 81.709331 69.37432
0.01 54.26252 32.926497 80.691638 48.22686 74.894127 85.781709 63.931013 90.723835 26.701613 45.052015 28.091838 17.36066 82.72938 131.702249 33.143626 35.461763 31.500677 139.390083 26.245683 41.923647 23.516982 27.642978 56.921563 81.342706 35.164024
0.01 82.39827 30.578316 77.450803 40.230602 43.905097 91.500551 45.33912 67.737337 30.655887 82.226397 35.590967 24.586583 134.007921 157.481472 21.730842 49.92712 55.561911 118.415909 12.983021 68.553561 20.062595 44.560021 55.802445 69.476365 43.159155
0.01 64.565239 35.085908 61.946552 36.965968 65.503788 97.353718 77.45747 77.761158 53.338832 61.526474 28.936438 27.228439 108.648723 91.38556 34.655767 51.531706 30.083137 39.5716 14.514587 45.413838 13.378209 106.99982 53.912179 74.336765 66.785952
0.01 77.640112 31.446536 78.777157 68.58124 77.23166 99.436515 78.241733 113.747412 33.689492 60.797067 41.688681 26.491811 121.837655 56.509678 23.487614 63.586466 53.265555 98.096978 13.246807 42.560456 15.7007 60.828265 64.273154 82.06513 42.997801
0.01 65.159016 31.150095 60.339577 34.649756 42.225815 82.507089 60.3027 63.259766 58.524495 62.673466 40.608039 32.914683 134.180683 141.315333 31.538183 62.234066 14.55679 100.899471 12.234232 48.281944 16.368734 60.639567 47.049654 78.026373 37.929904
0.01 80.507071 30.502293 79.597516 36.708448 43.829992 97.627804 33.792479 78.441265 52.974356 75.764251 40.929711 15.524908 132.81492 120.919515 17.018312 43.558279 30.247778 106.455623 18.505184 31.012853 21.390235 64.533232 39.823288 90.924313 60.780315
0.01 68.055116 26.675503 58.47716 38.570451 37.588354 67.349866 34.253109 41.215742 58.178182 56.602879 36.12535 25.821333 100.748445 57.996721 11.769787 10.347002 53.523965 114.076286 29.044642 38.679364 16.744252 149.326975 47.526706 72.924722 66.277828
0.01 63.448002 34.678952 102.93531 33.685612 37.528043 56.367042 61.186668 82.502468 45.464375 54.260658 29.922058 20.532115 115.008554 63.058518 22.106976 44.89708 55.561911 35.1447 14.801439 68.567044 21.317015 38.905026 28.220246 53.029986 39.091309
0.01 83.326494 33.01192 75.163284 38.155519 25.14747 83.500484 59.345644 67.415665 40.290864 71.266784 28.695691 19.85558 143.947806 106.553719 20.325414 20.646526 21.72114 107.934635 12.311499 69.142314 15.600645 154.164642 40.632083 85.631453 53.22525
0.01 78.612256 29.17542 105.421747 48.356806 89.801756 80.533722 54.792852 85.988239 62.998569 79.074403 34.119439 20.506667 80.423695 104.285002 28.632179 52.047521 29.435786 67.389451 23.843426 63.297768 13.052099 154.164642 64.683913 76.550155 30.60188
0.01 71.621631 32.356979 99.957024 25.536885 62.009968 84.886253 55.784861 49.569316 52.2909 84.853499 30.370035 23.130439 87.60414 82.653556 38.676767 41.492643 19.473241 86.342142 20.610998 76.868308 13.749934 45.066587 43.854875 79.149493 47.591784
0.01 69.588514 33.381107 70.344557 44.613834 64.885098 65.720665 64.778279 61.311143 74.861918 59.21088 41.558145 26.662525 109.456103 29.272105 14.754551 46.475203 41.407015 90.407893 23.270718 51.804793 8.093584 76.840368 67.117004 71.206105 78.087268
0.01 56.969611 32.719029 23.657379 34.357405 43.635561 89.865967 57.871216 63.985151 16.948646 84.196352 54.10511 22.149426 90.694246 102.928794 25.084829 54.011738 25.805862 114.553177 18.380361 33.40216 15.638875 147.567519 56.042242 46.426993 16.763417
