64
0.015625 73.0629  29.6492  54.1298  11.6888  28.8067  28.8512  49.3343  63.5408  34.0818  66.2604  2.48258  13.9938  25.0858  80.8561  27.5274  19.2433  24.7754  26.3319  18.5008  44.891  18.3368  93.228  42.9232  54.2159  2.3293
0.015625 41.4776  26.4744  79.0093  29.1046  5.80529  56.1386  59.8974  26.2591  36.4693  67.2449  21.6814  11.9181  63.8453  42.5381  10.2284  39.1214  26.2294  83.1009  11.3296  40.5173  2.8244  106.972  45.5327  87.8048  48.0777
0.015625 47.5612  32.4131  41.3885  14.3284  45.2937  75.45  51.8762  71.7015  17.8837  89.1074  24.0537  21.1094  103.967  90.3386  30.5519  28.9661  13.6164  82.5732  7.05874  56.096  17.4123  42.4771  63.267  38.3764  35.4611
0.015625 67.7821  28.8124  89.6089  45.2886  39.7596  23.782  14.8559  64.641  27.9009  52.9999  44.2071  14.827  35.6454  54.1225  26.2667  41.9895  21.2125  88.716  8.73844  18.7027  8.93865  64.7022  44.6608  61.7325  58.5484
0.015625 69.4621  25.2958  70.8709  22.4214  49.128  57.7451  26.0811  40.5417  50.8865  79.2672  38.8579  14.8495  45.8977  112.013  21.5297  17.1796  25.1511  102.798  10.5186  56.4171  9.13604  68.9609  58.8347  33.4162  53.958
0.015625 78.7671  15.0277  34.1524  16.9487  57.1633  51.2452  56.5802  31.9883  65.8472  56.4807  19.701  13.6739  72.7738  86.5254  19.7121  28.2354  17.5022  89.5992  16.9636  49.7961  17.0786  57.0447  23.2519  27.3801  49.2529
0.015625 26.3714  15.1675  28.951  30.6355  38.6894  7.33147  70.4114  44.9079  39.1755  80.2908  30.2037  11.8009  43.1062  78.1046  22.2417  18.66  33.2015  93.0054  18.4157  48.7475  10.2769  43.9425  55.2192  55.3278  47.5211
0.015625 45.6234  18.5394  75.0637  29.4553  24.5363  72.0237  60.7319  75.5019  33.0515  31.48  36.0643  21.5481  19.6609  76.5975  4.78609  40.0767  2.16169  22.4322  16.7667  65.1482  16.0005  51.0718  26.2361  64.1245  36.5294
0.015625 66.1369  35.7063  61.5351  18.2649  21.9762  85.8549  63.7966  72.0424  32.0226  43.4406  17.7372  20.1793  93.4013  65.3871  20.3136  37.5563  39.2728  61.1818  10.5889  20.5576  14.6278  61.0123  16.8362  39.7729  50.1051
0.015625 61.2849  27.9653  82.5129  21.0119  31.1361  76.5494  17.9174  80.1573  40.2008  37.4256  23.0897  11.1377  99.014  87.3069  25.3278  25.2162  16.4053  6.6946  15.7065  42.5181  3.45742  84.9031  61.7426  30.54  59.0134
0.015625 64.5125  30.5719  83.9875  37.4264  53.1062  70.3229  64.9563  51.4463  35.9924  17.5948  25.8277  9.35511  80.1884  44.0976  24.959  8.52908  27.6392  54.1321  12.8231  42.4427  9.65185  45.434  49.3602  48.8173  52.7788
0.015625 39.2308  22.8469  35.9748  21.4844  36.5387  51.7477  48.2033  57.4944  27.1636  22.1114  25.9409  13.4896  53.2132  91.3078  20.341  27.6716  23.8898  72.9703  16.4069  13.529  2.23302  66.9407  10.1557  7.28704  26.759
0.015625 29.8286  25.2144  67.2524  32.7144  54.6401  51.4314  57.6225  77.9642  61.3415  82.8866  18.393  9.64221  73.3238  59.5948  18.5355  24.6141  29.1  111.819  15.003  35.0468  12.0733  89.6246  6.89368  46.0402  50.3715
0.015625 42.5533  38.8731  54.3419  37.04  37.7183  93.6572  56.7405  54.8775  39.1521  48.3349  19.1696  16.2423  82.5686  63.3123  22.846  10.1618  10.0315  94.4181  19.979  37.9523  19.3376  74.3629  30.5022  42.8488  61.9048
0.015625 5.49937  23.9833  58.8074  10.9731  60.875  61.1097  21.9083  82.9841  45.918  45.8681  20.0417  21.7524  14.9312  56.5278  8.66405  31.5098  9.20404  78.2921  9.2047  63.7  14.3216  60.3094  42.1874  22.6209  43.8229
0.015625 76.2597  6.08837  51.7358  31.4263  29.7663  71.3255  47.4805  75.8066  43.4868  71.396  8.05333  17.3734  93.6391  52.6102  32.3282  34.4839  12.7759  90.1709  7.40372  63.9461  10.4441  108.173  22.7173  36.5174  62.5809
0.015625 24.4033  31.4317  63.5442  47.3484  52.4284  35.9672  68.5859  78.3449  47.9356  13.0389  33.8504  27.1441  70.8996  115.247  28.1534  28.5347  15.8436  63.2762  14.317  37.346  18.0014  86.2973  45.3822  80.9589  26.3698
0.015625 74.0677  9.2406  23.017  25.6857  8.77722  22.8824  10.9807  60.2129  37.2311  35.7231  26.0065  16.7548  94.5959  113.319  14.8263  18.0275  26.015  104.858  22.3128  30.1996  12.1378  33.1851  33.2193  45.379  39.105
0.015625 40.3713  22.46  72.0906  24.0268  58.6903  44.6001  30.3904  35.0487  40.8287  64.6026  27.6099  19.3718  57.0722  69.4102  19.0096  25.6684  38.7718  101.218  5.56813  23.1943  7.71331  23.5536  34.7013  55.2958  21.1873
0.015625 51.2347  15.7323  93.1235  35.9588  26.9311  87.2143  34.1258  55.7046  44.6725  54.7299  11.7837  21.2868  95.8166  67.175  10.8349  22.8271  23.8456  67.7988  11.8658  35.3251  4.63031  53.1849  50.0248  23.1965  33.6818
0.015625 75.13  13.8443  85.9661  20.0989  41.8719  69.2008  41.8996  57.5032  58.2051  81.8639  41.2433  19.6673  80.5575  73.6127  27.3813  34.3759  14.6636  79.7735  21.2414  46.6695  15.8877  59.9789  28.2917  53.7748  40.0584
0.015625 72.1076  37.0065  50.2435  31.0862  20.0227  34.1388  44.5599  73.7805  33.422  47.7239  32.0158  15.8379  41.8107  93.0107  33.1634  22.289  18.8202  75.363  11.3755  7.18506  14.4417  86.6525  31.2429  58.1572  42.6834
0.015625 56.381  38.0732  17.5199  39.2398  26.3021  81.0525  46.8506  44.1405  42.5486  72.3925  39.741  23.5255  84.2096  32.867  14.4824  6.83714  24.117  57.932  23.0385  44.4537  7.65737  67.2756  52.7028  53.6884  24.4873
0.015625 83.0516  18.4094  24.7233  29.2554  50.5936  62.8511  52.9827  72.384  59.7467  16.5176  34.9209  21.4177  104.765  102.094  24.8276  32.2728  32.6277  69.2146  13.5325  48.8583  11.8568  49.8006  40.5872  49.7311  30.3237
0.015625 81.6391  32.2623  26.6084  48.3949  60.6884  29.7786  50.7948  47.2902  48.948  43.1724  10.2  24.8679  50.2951  41.4379  20.9041  45.5819  25.0345  113.883  18.3598  73.1284  3.75077  96.0637  41.919  62.8903  43.1343
0.015625 28.1672  27.3614  60.0616  13.1727  27.6638  81.3367  44.2064  11.0874  55.9174  52.3572  32.9514  25.4813  58.4026  97.6854  27.183  39.6252  27.1286  56.3999  23.2334  61.0942  7.04343  75.819  18.5482  73.2081  39.1275
0.015625 48.5028  33.5705  68.4332  47.9212  57.6946  38.7505  25.2167  78.9138  69.2317  67.0228  42.7141  19.0417  89.4198  56.4725  12.2724  30.4585  36.5507  39.2577  14.5454  52.934  15.9289  72.4888  41.1982  23.8105  55.8423
0.015625 71.1962  21.5918  32.481  40.0406  22.2991  40.5361  28.4674  45.1616  55.5677  59.3126  24.5244  5.15816  109.446  75.0242  8.11102  42.3028  25.6896  41.2488  4.31612  62.3764  17.3655  65.7572  29.3835  76.1552  38.5155
0.015625 44.6238  36.0381  64.6817  34.5951  30.0952  14.2768  55.3763  47.2754  34.6576  43.1291  38.1205  8.09636  88.1703  62.3502  17.9923  32.9166  33.9929  35.5769  11.4433  65.694  14.6926  53.8995  27.0658  23.5936  32.9271
0.015625 53.8518  11.8498  52.8052  36.738  41.6719  84.8941  37.3696  47.8103  16.0828  72.0173  39.8661  20.1281  76.7666  76.1483  28.0091  31.2195  27.3695  48.2653  1.81707  51.7261  13.0805  48.9306  5.37697  70.2928  24.1137
0.015625 54.7032  17.6762  38.7199  24.7439  17.4641  82.6713  48.5792  70.27  63.0801  23.7852  33.2453  19.5734  59.6809  75.0026  2.10521  15.4665  31.671  84.6434  8.62348  36.4001  13.0317  94.8069  35.1732  83.9387  52.1803
0.015625 59.6654  10.633  59.9233  32.9412  50.8847  95.17  58.4042  61.6318  59.3166  51.0745  21.7658  6.61788  49.8933  8.58348  19.0475  35.1006  22.6964  67.1683  16.9675  15.5796  14.0584  72.102  61.7266  69.3206  11.544
0.015625 66.9561  34.6111  90.9593  41.721  40.5052  64.0017  60.4735  36.9893  60.4231  60.8258  14.0052  13.8653  54.2603  106.282  29.8468  44.0059  29.2128  63.0725  19.1378  27.1199  11.5828  63.8335  42.5955  68.4452  44.7871
0.015625 68.6167  19.9102  35.4526  33.6571  40.0118  90.1446  32.9418  39.2971  63.2849  28.3671  30.7136  21.115  26.9637  53.6811  28.3556  14.9117  22.3838  94.0896  5.1754  63.0876  9.49209  102.949  40.9645  60.2178  36.0539
0.015625 86.3516  22.1789  57.2266  31.9759  34.3744  97.5234  35.5189  21.7735  31.4362  61.0486  35.0709  4.65975  38.4154  86.7008  21.6543  32.6505  31.739  60.6821  21.683  50.3402  17.8489  86.6638  55.602  20.3288  41.3309
0.015625 12.5889  9.65694  45.8394  19.6331  40.7103  69.6769  58.0767  60.6642  19.9025  71.6429  33.6876  7.85113  66.7448  93.2846  18.0295  33.0077  40.0347  77.9047  15.6748  49.3772  19.3055  108.41  65.0832  57.9546  35.623
0.015625 70.3207  2.66498  68.0363  40.5052  56.095  59.5645  54.5771  68.35  4.76155  53.6178  35.9646  24.6863  60.6064  37.3419  16.6226  27.5146  27.7759  85.3045  19.9883  37.5375  8.07537  74.1872  50.2869  33.4459  28.4406
0.015625 50.3383  26.0988  49.0391  35.0336  38.8835  46.3869  21.1628  85.4065  48.5001  52.9626  16.8353  17.2976  85.9514  17.3527  24.5923  21.1668  32.9193  70.9707  20.4873  44.7407  16.0032  33.6884  38.7738  68.4777  29.434
0.015625 62.0918  20.2441  53.7815  28.291  32.6527  43.5875  54.6623  66.9088  26.6396  78.5396  22.5104  25.3119  32.885  102.356  23.9695  38.1518  32.2628  52.4219  13.2642  59.2388  9.9882  32.7175  49.4028  69.465  67.458
0.015625 36.8308  24.5657  39.1373  41.3511  62.422  77.8137  32.0607  55.1201  45.1199  46.1304  28.062  3.48239  43.7794  107.984  26.1756  15.5952  21.3737  47.0902  14.962  62.0847  8.58308  89.8966  34.692  59.8599  52.5429
0.015625 46.6019  27.142  42.8588  43.4622  19.5356  86.3603  30.6186  84.4284  67.293  67.1866  19.3225  13.9327  25.4106  68.8145  17.3477  36.2352  32.9139  89.8724  7.81678  34.928  20.2239  47.7161  48.0047  41.8548  31.3057
0.015625 43.6012  12.4853  95.2939  33.4428  46.6256  46.9571  38.8535  66.0945  52.8196  48.529  14.8181  15.7711  95.5184  109.965  17.8408  21.9908  34.5914  65.1301  17.5901  51.808  14.9493  75.2614  44.5286  77.9375  47.3246
0.015625 32.8463  32.602  47.0404  25.6078  48.0824  84.0048  19.6203  72.94  9.59131  66.5005  17.3807  10.122  54.8484  56.0561  17.6841  41.8639  25.2932  76.6669  20.2189  30.6501  9.95216  42.6938  32.6414  79.6287  64.6922
0.015625 58.0329  23.7056  81.8213  39.71  33.1683  78.6592  49.0078  65.7394  12.6853  35.3009  28.3834  13.8521  62.1391  107.427  16.5472  3.34087  38.1868  110.592  10.1304  59.4112  15.3658  79.9884  38.7404  82.2477  49.3255
0.015625 49.428  28.4427  56.421  26.9279  50.2522  63.218  41.6149  67.5707  49.2435  85.8843  43.0313  18.3932  113.512  99.2445  12.8849  26.2932  11.0931  65.397  15.0902  27.8035  5.94699  99.7078  47.2862  65.4705  42.3855
0.015625 52.9905  22.2546  75.4732  46.4024  23.9175  52.5053  50.2597  42.6878  51.0585  60.3193  30.2737  25.0012  33.2603  54.8457  21.8029  23.6415  30.2039  30.1284  13.3536  59.5951  14.7009  61.1148  52.0402  17.0957  37.7239
0.015625 19.6744  20.4546  46.6644  34.9791  52.3258  47.2677  23.3351  20.0136  21.2972  14.9741  5.11723  19.0348  109.522  71.6749  18.5325  32.5716  33.2594  49.4975  16.046  60.857  14.7904  96.2197  46.4376  43.1292  54.2882
0.015625 34.2357  29.1025  57.3284  15.4541  10.1484  52.8274  33.2695  88.0786  68.3218  88.0364  33.7773  17.7094  80.734  48.6197  29.4883  19.7652  36.6418  61.4483  18.7147  70.6466  6.38305  91.1794  38.7603  64.9047  34.0712
0.015625 80.1641  34.1367  73.7367  2.56616  35.0929  46.0049  25.3859  25.3222  45.6496  26.7076  27.2565  16.7603  49.1717  48.4642  15.5986  19.992  18.1131  100.224  13.6872  50.2066  18.7515  37.8548  57.1885  77.7332  57.0578
0.015625 55.5458  7.47384  83.8034  7.40068  50.7892  23.5705  29.0748  56.8905  53.2306  32.7315  31.4825  22.8249  75.3687  35.3486  25.7749  28.409  27.5311  40.5056  17.1075  21.3527  17.0103  105.223  46.6327  83.2049  56.016
0.015625 31.382  30.0018  62.3514  23.7421  37.0677  65.1103  50.9488  38.9515  29.076  63.0171  35.7835  26.5142  107.461  23.7781  23.6081  24.3226  29.7418  105.834  15.4501  39.5448  20.9301  88.253  31.6851  46.0194  53.8969
0.015625 63.7046  26.9183  5.65325  23.5648  65.0956  93.3607  45.931  34.0173  48.0028  69.9503  22.7284  26.3107  77.7587  89.5166  14.9231  33.6284  36.1356  11.0718  9.51152  11.2751  11.657  53.1394  58.7106  74.2908  52.9828
0.015625 38.0522  23.9152  76.7528  38.1639  46.3767  90.6406  3.1432  30.2014  52.7299  54.3264  27.4613  19.37  56.0933  73.7699  31.8704  30.8595  36.4601  73.4927  16.7482  32.4712  19.4569  82.3807  20.3724  49.1451  27.4313
0.015625 35.561  16.2721  71.7703  42.9573  26.4228  53.7299  44.0698  7.2591  42.6897  73.5008  15.8311  20.7362  67.491  48.1602  24.2639  7.78445  14.1117  36.9818  12.1333  46.8688  13.001  6.46588  27.2375  67.498  54.8126
0.015625 60.4764  29.7629  61.1689  15.9158  56.7683  49.3448  63.6144  31.7337  54.7392  57.8908  38.6505  11.9062  48.9005  62.9223  6.06235  26.9778  29.4095  56.8076  14.2101  32.5816  13.6342  81.0536  14.7703  30.8977  61.0301
0.015625 77.468  37.5966  43.4875  39.7678  44.2684  68.3027  23.5549  56.5864  20.6465  67.905  28.7415  19.6325  71.2262  85.3099  12.2031  37.1126  20.6297  95.6129  19.6888  57.963  17.1698  83.4424  37.9473  76.0113  44.2031
0.015625 62.898  31.2528  64.5403  27.328  53.8564  64.0116  37.1623  63.8962  40.7215  49.8431  25.0983  10.9213  88.2639  61.3359  10.5342  31.4657  20.0147  81.663  21.9453  59.9535  11.1846  24.8408  33.4943  72.6842  13.7578
0.015625 65.3228  19.3708  79.8969  36.0108  62.8611  58.6625  34.6272  51.6004  36.5745  84.0222  25.714  12.6755  74.6754  92.9906  14.7904  11.0939  15.1218  49.8426  16.794  44.558  11.3701  78.5727  13.5435  88.2127  16.8907
0.015625 57.2098  14.4388  78.2145  42.2246  34.9001  65.4969  66.5648  61.315  64.8841  69.2947  22.6491  16.5406  87.5501  97.1231  16.3824  30.6202  18.3195  87.2165  17.9606  33.6034  16.2942  28.0777  53.4373  52.2613  66.2756
0.015625 16.6236  16.8784  40.3751  45.8672  15.9447  54.9992  31.6055  19.0927  45.1522  40.9176  37.8028  13.2604  95.3634  79.0561  23.2684  43.8344  4.43662  97.5493  17.6675  25.2442  15.6846  78.8457  53.1828  41.0209  32.6245
0.015625 52.1185  21.1229  14.0391  29.5244  47.8874  33.1923  46.2146  50.1711  38.4808  61.0307  32.2506  6.12774  79.6663  21.1022  28.9056  21.559  9.32136  36.0005  6.88013  35.2215  14.2999  72.2054  43.5048  72.7918  52.7283
0.015625 84.4017  25.0683  88.7686  19.7234  41.9505  66.953  57.637  49.0572  24.5859  40.1802  37.7404  12.7024  104.607  41.6239  22.5273  38.5502  28.9964  84.228  12.1647  69.5221  13.9438  70.7835  40.7503  51.4768  28.5445
0.015625 58.8512  35.0167  84.3385  28.1271  42.337  30.1556  41.0619  28.0483  43.5588  76.5002  11.5295  22.2766  91.2067  97.0939  8.52132  23.3335  15.7438  85.2207  4.0174  31.1447  14.2008  112.306  54.6252  40.0937  6.9032
0.015625 22.2041  30.8437  69.4646  17.5012  43.6525  76.0782  52.1673  51.3796  64.9331  25.6629  32.2622  8.49091  92.581  80.0945  30.9289  37.0309  23.0218  105.367  8.73439  59.0898  6.79039  19.3721  54.213  69.98  23.7618
