100
0.01 90.418801 30.105441 82.873633 67.686771 63.29891 24.546786 59.976822 72.959526 67.738202 44.770477 38.422492 22.086827 91.917028 76.500901 18.942345 35.791811 32.345896 105.060462 17.785406 71.682248 15.311243 100.649619 57.170842 36.27489 51.00384 54.639198 118.357822 45.330728 45.88876 42.703896 36.839412 31.694085 49.151147 6.420845 75.781167 19.798253 46.280185 73.551063 108.274096 50.846876 72.016791 38.052943 10.333568 66.596893 68.353382 27.341616 20.003332 16.881449 20.731371 75.296577
0.01 74.520989 35.268044 94.475528 31.924025 84.275197 29.431333 88.856838 88.017999 38.570029 62.129199 30.499097 17.926571 55.855498 47.347145 7.369029 35.467817 31.758296 62.100301 14.518514 60.022351 11.400698 102.59996 66.287437 42.083047 55.835821 68.319871 28.220731 9.080031 42.008986 69.479191 39.313501 35.293932 56.319791 13.518114 56.705039 19.959441 44.74836 86.963085 85.191358 37.091549 71.3017 41.325369 11.317585 28.102038 99.340242 22.356632 20.060075 7.224396 14.128469 95.921986
0.01 83.105625 33.724182 119.567987 59.080082 70.623737 125.238869 41.373102 63.655771 61.462358 30.399743 31.935565 20.407036 60.738285 81.580137 19.229091 58.396351 32.508763 120.788726 7.004051 54.086515 15.160398 111.227946 45.800039 67.709941 47.056006 78.26772 155.532821 29.667178 54.257302 57.312374 24.998208 31.201206 38.385726 10.833333 79.301004 9.495566 45.425641 76.2657 93.7435 16.900761 58.694326 23.225166 11.197733 78.809064 113.526882 24.107857 29.62009 6.121851 36.761518 52.215607
0.01 61.48167 32.741649 68.896195 37.837974 63.858612 42.199855 28.920796 74.562252 57.450942 110.799887 37.677673 16.876348 59.4647 161.422369 46.825345 30.062925 26.544382 101.708928 5.897531 53.794673 28.947604 149.817243 54.484185 78.195442 55.401909 40.446361 98.28515 14.697454 34.337348 68.171135 20.164873 45.937649 22.442599 13.914318 78.003906 9.958961 55.502895 63.047444 80.899473 29.209111 55.582459 87.464261 14.719748 38.732012 82.830337 13.920802 32.212757 13.188355 36.658056 41.043914
0.01 72.787573 26.135934 57.951825 49.715678 28.779447 106.873855 31.379908 78.636752 67.926666 43.611143 41.935618 23.213571 45.325018 126.273199 46.825345 32.392204 39.797413 69.517672 8.136846 63.492756 28.947604 104.163785 46.116083 62.434149 57.359215 77.955057 92.849738 32.223319 47.288956 66.707549 39.367433 27.080076 32.030389 12.577711 99.255786 21.758336 46.370446 81.362332 80.59802 10.147501 63.391541 113.617937 10.945051 24.390493 115.242645 34.317785 13.597437 6.976297 22.116979 88.933092
0.01 59.236132 31.930288 110.520098 20.357687 74.146766 70.994167 38.178206 95.412543 56.827097 80.159768 24.572247 18.219779 124.013081 63.534921 33.339125 44.236041 38.356547 113.551343 23.987722 63.249279 11.646131 132.024369 48.709024 68.570594 38.752722 108.130545 155.532821 30.698631 59.850767 54.778188 26.653532 37.080199 53.523895 9.957389 36.920045 11.075147 48.643218 71.216909 99.084669 12.385226 48.670439 49.088743 12.326789 31.823725 86.968345 23.962533 23.078602 8.289768 30.310418 50.825024
0.01 116.444304 33.471413 90.407119 23.458596 15.87065 74.297166 28.689453 69.384404 61.347037 106.827234 35.254776 19.623513 106.603614 95.591763 22.181077 25.023026 39.45332 87.818259 18.684091 54.630132 16.997457 125.888921 43.60252 68.829743 57.36202 73.569494 53.488145 31.521075 37.849348 62.796327 41.501474 27.827124 32.985301 11.726637 66.047246 15.443951 48.808987 80.922344 99.972279 8.2434 55.758707 85.899488 14.024975 125.918613 63.920574 18.512435 27.879124 14.262197 20.236455 93.389701
0.01 100.798803 29.231651 60.702708 41.965062 46.645475 107.187841 55.251175 68.845924 63.248011 95.864232 39.649494 23.554062 41.287505 61.650204 32.702394 31.552189 22.454995 80.918199 24.517825 63.359529 28.947604 66.004875 58.943908 111.848669 48.440725 88.73312 87.000265 35.437481 37.047828 67.485406 38.083863 43.213109 16.043141 10.84475 53.186628 13.582608 37.769531 74.197353 99.184131 50.846876 64.111521 50.170862 19.106012 85.41838 73.549991 25.80693 28.239798 7.168159 19.094631 57.665242
0.01 70.036642 28.810199 59.547497 45.077686 60.44011 103.701539 70.845662 71.223714 35.716165 124.859014 41.354579 26.966416 60.407311 63.459911 46.825345 46.922324 41.407956 119.931463 22.503562 61.021062 20.251937 85.283111 54.679275 77.035789 33.147684 40.835539 87.797204 16.793471 41.298566 47.118522 20.923723 37.847428 33.444829 13.727852 120.498328 19.307602 48.945943 93.489046 96.457636 42.941224 53.612112 51.914372 14.237232 128.448018 63.995693 24.664129 27.074506 13.384473 19.087893 108.994406
0.01 62.731887 34.969454 118.881678 37.535167 62.484416 41.93688 65.187931 70.663602 75.875953 21.101677 43.166618 20.020637 47.534591 137.956615 19.731335 44.343116 28.361664 93.774836 22.22366 63.047819 8.646017 39.993335 59.486629 93.731868 51.699796 85.874174 144.206231 29.506298 40.854894 64.764359 27.733992 36.640454 57.574101 20.027857 78.172533 9.361229 47.758556 82.387963 92.801412 24.425692 78.392387 79.313402 10.551994 55.497301 63.89088 26.168027 21.813019 10.120013 22.602338 41.664797
0.01 94.142073 33.37216 48.079766 19.004318 75.610647 100.580217 65.669128 82.591999 40.990286 40.839114 32.133819 19.131855 84.030374 116.716166 38.502255 35.808534 10.128449 91.447423 5.897531 58.158399 12.003617 80.349934 51.598767 91.983949 50.618299 71.030817 145.141841 41.542551 52.139424 53.24955 29.618442 33.255645 51.445408 5.140998 30.653368 16.503334 50.070495 50.746498 102.42173 39.256287 66.867673 76.84384 11.214792 128.448018 59.902368 12.180489 28.1534 16.881449 35.939281 47.974215
0.01 85.655633 26.83278 91.067058 26.037714 64.078006 76.806632 57.813934 75.999734 53.261938 65.37038 41.299672 16.206438 132.431352 87.725824 28.023795 48.787106 30.220619 73.663732 20.917811 62.713908 28.947604 116.36969 52.044745 72.02016 36.62237 109.388523 91.126487 27.159211 34.627897 49.586143 20.223681 40.231172 29.132315 9.540698 75.624532 7.306324 43.90121 71.310638 113.166924 49.752864 74.395558 23.450751 13.353369 82.38763 72.450613 16.989133 17.161761 8.447836 29.561494 91.739512
0.01 69.825624 30.071996 111.424348 58.656481 89.732303 35.372046 46.676776 75.430075 66.558634 90.711692 25.02001 22.067503 52.387286 105.042731 18.518593 44.410366 27.230715 64.491597 18.875697 59.934376 21.751922 130.348645 51.138279 84.218158 53.195664 106.41677 140.590008 26.462463 45.057141 85.779102 45.721758 27.248032 54.354652 21.123456 83.129007 22.831347 50.479502 73.146356 116.873836 38.249644 68.794236 73.571561 14.701846 79.091213 81.537888 20.104911 33.348782 7.079162 31.697479 76.360748
0.01 73.498464 39.885964 81.983294 34.144827 65.382588 79.53131 80.360349 64.97039 54.286942 102.843572 27.788692 21.999896 76.275545 103.273325 46.825345 45.321336 38.031883 91.294 18.834047 55.642295 17.539779 108.303651 53.345057 98.746098 52.236935 80.986008 141.025373 39.345874 61.337795 52.656062 28.196075 38.694051 34.927885 11.29185 67.440532 20.231613 58.891989 79.926691 89.718151 18.683984 64.029007 65.648221 14.914952 128.448018 71.179592 22.527857 27.881557 6.171038 25.633864 49.390962
0.01 44.085563 31.750455 46.044742 22.298655 34.857745 93.706023 39.351512 69.879308 50.643389 97.728795 13.311477 19.787585 110.372272 86.530226 23.023315 37.785919 25.075464 128.585927 20.561266 59.223346 12.081247 54.96333 52.253715 81.140877 35.14387 49.077137 28.220731 18.186843 48.682497 70.972422 27.01594 40.469739 13.867479 19.06902 61.90358 17.062353 49.078272 89.107787 91.831811 33.309202 52.394131 46.055729 5.559704 76.679719 66.42879 22.560696 25.748429 11.873496 28.234527 84.216259
0.01 71.023545 35.892614 106.795172 13.409471 33.494842 24.573059 63.719006 73.566436 57.097741 58.400215 39.474461 22.432913 60.538005 131.547382 25.748734 19.275021 44.155463 79.690231 22.071979 59.358027 6.507432 92.648829 47.05041 63.801284 52.105516 74.198 28.220731 40.063494 49.255941 73.243035 35.364441 31.405788 30.920711 12.484036 52.878825 15.506541 52.913644 66.016241 79.36594 44.081168 68.087369 23.450751 12.603163 53.175337 54.50626 18.763607 30.276804 9.537375 10.752229 91.843082
0.01 118.96616 30.045403 64.516227 65.422383 43.867571 95.948049 37.049788 91.447268 46.285275 77.315626 23.421716 24.617332 74.958324 115.696169 22.578595 37.050934 31.516154 105.409832 8.570414 58.549476 26.498036 72.127233 43.195335 88.801957 54.095165 108.86243 63.390153 55.271565 30.612086 47.299661 41.060382 46.218742 46.318204 11.670487 56.115721 8.822109 54.118423 54.087942 91.575188 8.2434 58.967642 88.337859 17.300928 126.358663 77.8767 26.447739 27.721957 6.722825 22.332942 108.557025
0.01 68.160076 33.34083 31.820145 55.286807 62.126567 80.299044 57.216632 77.585027 57.551095 124.859014 44.11704 23.917421 32.102565 90.014436 8.539806 27.722945 41.925743 105.869567 9.085608 55.829108 18.282393 116.187051 51.765835 89.64036 74.361805 90.415578 80.801235 54.059468 37.952647 36.053527 32.136101 31.088833 16.034795 23.03325 99.008019 18.085013 57.539738 86.303529 114.408639 26.162102 58.103918 77.33588 16.615348 101.88873 78.395771 18.954708 36.308559 13.037417 20.282397 77.772658
0.01 94.972849 32.296868 110.772981 29.104723 61.586289 86.899727 49.086741 80.154747 43.111301 78.769337 29.66687 27.693581 59.941309 161.422369 26.44016 11.603432 39.831379 117.073802 22.312313 58.47949 7.828776 95.710993 70.541274 78.722206 70.193134 46.314104 106.435672 9.080031 35.995312 91.219814 16.780949 39.026271 40.705333 4.758169 53.762744 17.117644 51.59471 79.413209 95.973965 42.778381 42.901239 81.117323 12.418327 87.682642 62.273242 25.793196 23.000161 14.952173 25.4178 85.579683
0.01 37.809031 32.199152 99.155964 34.579037 27.2798 104.913611 70.38044 68.906407 62.012613 109.232848 45.438677 16.738779 105.295409 137.265484 36.133764 20.988265 29.502439 79.268416 7.999986 66.335154 16.211269 60.521821 62.669078 58.213044 60.494305 120.106589 28.220731 36.403105 39.033198 74.295069 30.201086 36.960795 37.733976 8.975634 92.671674 11.516965 49.927155 38.613186 84.046896 8.2434 78.106021 114.313682 11.562136 31.631941 103.19448 20.626131 24.832782 9.574684 24.17835 52.207323
0.01 70.864235 36.974275 88.84585 16.086232 70.350278 40.019345 53.179569 70.823966 62.204615 72.026603 45.484735 23.818019 118.340934 109.980282 23.206963 29.220401 20.399058 84.21131 15.443929 55.262989 27.63061 78.027905 50.750726 96.800804 49.396752 76.997527 125.769103 49.516318 54.014646 68.047206 29.573644 45.426172 47.537564 6.695567 69.930514 14.571256 39.070571 82.811377 118.864985 50.846876 46.852411 23.450751 11.822978 91.518299 47.519571 21.357196 16.979959 7.113239 37.49843 114.315112
0.01 72.318144 33.498486 56.095394 63.617647 88.736645 88.711768 51.930598 80.277339 49.9077 70.895078 37.851714 24.292498 88.126795 103.355622 15.536714 36.495775 30.516721 95.285738 24.239188 61.289063 5.425922 69.36055 63.006444 93.251479 66.659446 85.688128 82.157075 36.092948 71.642941 67.769458 25.028023 33.71916 15.01017 14.149925 60.851869 11.140392 46.921804 63.875339 108.883162 46.358809 75.096502 71.117904 19.777391 75.523664 58.30221 21.224057 30.443748 16.881449 18.716911 76.961049
0.01 72.547021 30.018244 104.737369 34.130451 40.393082 126.601912 56.723452 75.304335 59.618961 68.97211 32.033663 21.152808 140.137893 151.460621 41.65422 15.3664 21.112705 74.232627 16.990198 52.61606 11.647065 149.889149 54.129166 66.91957 77.069499 104.038411 28.220731 28.07657 35.337631 63.168401 23.060549 40.194121 43.901696 21.9628 53.910684 21.314857 44.796876 81.359268 93.8991 35.820257 72.66875 44.384088 15.264672 93.309449 102.748669 26.807707 17.867306 14.999576 24.681781 77.833598
0.01 102.619776 32.609788 109.649896 28.312846 18.376159 65.055504 92.898111 72.429585 80.404294 72.658784 37.17426 20.852501 73.635088 128.532372 34.258796 31.232889 34.907673 103.401897 17.538178 57.45364 17.783224 82.185775 67.765497 81.293475 50.13962 115.240436 155.532821 23.708943 36.996593 75.352906 21.099019 35.739357 53.112486 8.091033 72.423051 14.52417 42.9636 81.273221 93.643182 30.904936 56.979376 109.465087 12.953115 105.050794 93.786328 30.29782 33.273587 8.044897 30.053934 87.062727
0.01 96.389765 29.421933 39.324992 18.112521 51.460767 79.650168 41.774947 68.249528 54.865928 49.4234 29.045231 20.142095 98.046057 132.10379 31.994174 48.86241 32.491443 83.486159 13.436843 60.854781 21.998572 118.256056 64.299363 73.415974 70.437196 58.68521 127.546228 36.899554 59.951111 90.778241 17.265637 33.187058 19.743032 9.897011 51.102533 22.858224 42.851456 80.742152 97.21977 36.634663 59.966613 107.612443 17.727878 96.526534 91.15206 18.787515 28.346744 7.501024 20.949327 70.410367
0.01 58.824904 24.284566 133.587382 27.398358 16.574979 114.405949 49.794231 76.914388 62.653971 63.169189 33.373338 21.423157 97.109566 79.311156 46.825345 34.898943 39.83613 73.300715 10.942631 64.219893 14.878296 71.442796 79.27349 99.316749 60.792996 66.74758 109.402421 50.725132 42.972625 55.844546 11.588582 38.664861 16.737783 5.320602 80.80823 11.301378 45.319722 73.698282 85.439508 24.863661 59.423258 77.899001 14.291893 127.693547 127.362472 22.758932 31.808898 9.711638 21.153116 35.247497
0.01 79.637507 31.829529 61.71476 13.936397 81.00932 77.134275 50.856092 68.569961 59.401641 21.101677 43.635452 19.340971 123.819214 108.283385 20.810771 61.956315 46.248735 92.028636 20.60784 53.637625 21.538918 90.977341 35.515489 69.800773 38.798185 47.802107 60.238794 55.271565 65.643172 59.86339 28.942071 36.945903 18.390888 9.089051 78.711925 13.934087 44.254922 70.344203 86.271273 18.739454 75.121199 23.450751 15.948447 105.163826 69.919535 23.111468 14.461657 8.967597 40.260724 52.044926
0.01 78.552116 37.035519 112.313519 39.354115 30.621115 80.287337 86.764211 68.878161 73.728572 124.859014 32.74974 24.467556 157.31821 67.423333 7.369029 28.043199 29.005351 80.78864 18.508803 65.762047 26.512169 117.467493 30.523613 63.459342 56.41603 44.356945 55.447591 55.271565 38.890543 46.303262 21.996367 28.296961 18.755551 17.404839 77.015502 12.958606 44.180812 61.195495 87.423266 29.937547 64.796192 26.672831 7.1892 26.713329 90.567623 23.514266 12.699419 2.025265 27.119406 44.007698
0.01 121.448688 29.921415 87.625716 11.355471 15.87065 58.351476 70.852562 71.596162 43.821929 88.565647 42.092598 24.557836 26.912818 84.179623 38.093549 61.956315 35.093302 91.983309 19.294642 55.399125 17.874056 135.605601 47.398829 68.682277 39.915245 120.106589 50.260545 49.038308 41.174638 85.553643 14.358575 34.234431 34.245333 6.673355 66.11651 15.744883 53.267967 93.710778 96.325646 8.2434 69.314963 61.645475 16.277687 22.229963 64.245486 27.274815 23.03081 6.964551 32.513047 24.25389
0.01 82.78241 29.256511 78.762869 45.633613 65.863096 129.944844 70.745661 72.12214 51.98559 54.8231 24.233915 18.783359 127.668289 74.594643 35.436762 28.232469 21.629196 88.499926 26.367944 65.267021 21.215161 117.577121 65.366649 65.779412 66.626919 49.201047 50.048878 9.080031 47.287188 39.093334 13.121963 18.929894 38.56309 15.429368 68.829499 14.794873 36.205914 61.456006 110.082881 21.574042 62.810589 127.334532 10.007905 67.01271 80.548915 27.983957 32.171684 5.924115 26.283791 81.897229
0.01 64.892368 27.054159 73.842655 67.686771 58.962802 106.85673 64.172035 67.984629 76.820729 96.334982 32.868431 23.0787 83.171299 132.262841 27.645319 40.543149 32.214629 64.249261 13.831165 57.36216 23.176431 52.509607 45.456003 59.522358 65.248172 120.106589 96.521797 22.323092 34.305832 52.479387 21.907551 36.610443 40.057292 12.574317 97.323639 14.529979 51.915958 40.258624 101.870053 33.58268 41.547668 106.145698 3.657642 52.385766 83.444613 36.417722 33.20822 8.804484 19.088353 63.498495
0.01 88.028058 29.699624 79.217427 67.686771 57.593911 93.309829 61.523966 74.693286 52.599431 66.196153 33.640731 21.914155 127.598618 121.806795 14.116362 26.747774 37.740503 129.246495 20.892305 49.931551 26.741092 108.401237 21.621278 66.71508 65.920525 70.950033 127.522827 36.699876 44.667152 64.479692 33.225287 32.857719 35.028552 8.688279 35.103405 4.759919 45.266142 68.626601 93.250323 35.482678 78.371945 60.757145 7.86366 52.743882 110.679161 28.178608 21.550835 5.559062 21.658168 73.794082
0.01 79.566378 36.180197 133.587382 27.930794 43.793944 73.604942 29.322863 69.885134 78.720866 65.02745 37.193973 23.073151 114.681525 92.939726 32.377225 30.337715 27.023028 105.095862 31.623595 59.157961 7.954466 52.825598 51.189077 71.539375 58.380406 70.11477 116.724611 40.055511 43.70002 81.639463 37.480582 24.800397 27.398715 8.80019 49.023381 21.977418 45.929372 77.842555 90.951637 41.171292 66.387089 110.843462 10.232079 113.219091 70.48046 29.537459 35.286901 9.33255 25.991994 96.042075
0.01 67.739358 28.821195 82.129554 43.060888 37.291259 59.192874 80.865189 96.963227 70.485673 124.859014 25.124716 21.47445 127.877764 64.9791 41.141396 40.620093 34.3634 83.613147 20.429992 50.945325 14.779544 83.93427 69.714841 49.365554 48.062474 55.165967 81.994471 38.934921 59.354085 77.800946 15.787917 46.084385 36.913714 6.562283 50.541908 20.647056 46.656378 72.082707 78.745804 50.846876 55.438378 104.529521 15.96477 62.384416 109.553109 31.431371 22.2353 4.226755 26.000701 112.090543
0.01 65.919293 36.532946 81.567537 24.287681 28.319777 99.525994 61.243933 57.918541 44.427606 109.364646 29.270124 20.915154 76.195809 113.5433 24.17331 34.217677 45.426289 99.008643 13.224221 53.562872 18.235224 71.461415 61.90361 72.667261 43.630227 66.539846 136.596793 20.252477 46.942306 98.646865 23.959214 26.375732 30.885202 8.425704 65.45282 11.933025 42.092275 70.746452 98.487562 32.161733 57.988077 60.300914 15.868144 128.448018 92.852316 25.832122 29.818937 11.283061 16.47549 76.022419
0.01 54.389516 30.134496 100.958899 21.430709 82.636249 40.066969 49.984689 57.0236 78.365243 44.757524 36.070852 20.909139 51.565888 71.392425 20.466654 19.021824 35.580364 124.03095 25.747166 55.846947 10.33949 98.092282 37.558096 84.977766 47.045065 104.341778 71.211828 41.449934 51.20617 50.567307 35.468457 36.245419 46.821874 12.297945 52.867117 19.710355 45.211262 83.628842 98.895225 48.979043 60.124407 98.937017 13.641152 58.422124 91.981794 20.179925 27.909057 10.258531 27.9691 86.737825
0.01 98.158251 34.9227 78.58531 25.503924 58.081256 117.563031 48.479429 62.044548 52.70183 88.645545 34.775912 18.303864 89.460827 60.7918 26.345741 43.296009 37.505693 111.612561 21.944056 62.135975 22.556257 104.59095 51.412794 96.122075 40.922185 81.631623 90.559902 9.080031 32.978837 67.021515 24.317272 39.138694 30.469699 11.948587 74.111285 14.80764 47.560151 78.153367 104.415091 36.900751 50.078433 50.732608 12.895782 114.733763 83.460997 18.10936 34.55317 2.025265 28.293486 52.663049
0.01 121.448688 31.93413 89.782254 16.824288 49.833408 64.015072 52.47092 66.798819 57.893486 21.101677 37.648269 22.771146 132.038698 88.777626 25.164783 25.861142 40.218915 71.331928 20.585792 56.453877 27.337585 39.412823 46.525494 88.65055 62.485636 64.235391 28.220731 47.670661 41.099841 73.403614 18.784737 43.474402 11.907061 18.267754 88.139192 14.755333 41.199261 113.649588 83.661732 15.766104 59.14247 45.893472 8.142249 116.200109 84.488204 23.172976 29.874261 4.443937 22.117155 113.05218
0.01 83.583477 27.227433 100.879904 57.469013 62.279692 81.29351 62.364055 80.476578 64.793593 119.713795 40.65083 29.865395 55.200288 101.852912 36.056639 39.201613 19.495527 95.788924 13.919898 56.446356 14.359703 95.917707 65.012042 59.808964 60.490501 60.451375 112.996099 21.770693 49.875443 68.822667 22.900382 35.500162 36.664081 12.492565 100.360381 17.049328 49.985361 66.247007 100.199655 22.803002 54.292187 23.450751 16.323147 59.493262 92.764452 20.951142 32.316029 14.378395 31.245938 31.715184
0.01 112.298847 26.24221 72.048527 13.393071 15.87065 100.843652 24.592474 85.034383 52.322221 80.952929 52.488929 20.984706 35.216833 52.113371 32.403597 35.027441 20.772801 87.145912 25.349325 61.728213 4.401257 102.008247 46.936259 74.903571 74.969555 53.1106 102.668893 16.599001 46.164184 72.2469 37.910616 22.247251 63.051401 6.847302 70.481086 14.279605 44.223046 86.732717 98.013851 10.854397 65.303718 30.636789 12.712459 58.939661 66.717965 30.18779 11.511612 8.722282 19.503958 61.142667
0.01 85.364045 30.218406 31.087672 25.890024 51.080772 66.484753 68.776244 75.71016 81.347553 124.859014 36.702691 23.476404 105.502131 60.863877 46.825345 27.187423 26.682567 104.314059 17.222215 56.445307 16.926695 88.89788 31.211543 77.696137 39.769476 79.421673 155.736763 20.964436 57.804873 71.096969 23.928912 44.176003 55.968507 17.329908 85.97169 20.746982 54.774331 96.591403 107.988385 18.596094 85.173234 37.553091 16.392908 55.904256 96.732124 24.363513 15.157241 9.03425 25.372285 72.354915
0.01 80.818552 33.002463 55.401065 21.096585 91.026179 84.042365 67.372852 53.007839 58.973393 35.447314 35.254687 10.88096 56.543957 84.936204 14.825621 19.890858 23.898365 71.757983 31.033142 66.496727 28.947604 102.727978 49.922368 86.356783 43.66404 81.460486 28.220731 29.66895 47.575235 75.683106 29.269742 36.73826 23.843422 10.713867 94.714406 18.120955 38.554066 51.495095 93.692657 41.014614 65.76975 77.585735 15.613372 66.684243 110.922757 30.848857 22.632126 15.972025 23.981874 51.933945
0.01 75.624046 34.271121 118.67395 26.697126 42.586412 84.345677 59.788335 70.060842 58.824895 94.814217 52.62542 26.495975 26.912818 110.274893 40.751682 34.442369 38.964892 54.344488 13.61358 59.761207 13.755351 105.442991 50.864312 88.047771 68.809841 70.744689 128.060088 55.271565 41.974085 88.278006 22.54618 39.38161 35.265597 4.758169 45.83207 19.46826 47.862624 83.377075 84.08877 49.734373 67.548669 94.588934 12.152578 62.728251 93.958103 24.802083 25.80657 6.796727 28.840553 50.445723
0.01 49.752252 36.654895 96.821674 19.217299 91.026179 106.629851 66.132135 77.66407 51.892681 91.201354 19.068031 26.033226 78.249751 121.364196 17.274633 15.462534 55.607421 84.310819 22.340167 62.470453 7.14586 86.735738 46.640018 51.101906 63.215793 80.661261 142.84678 33.077653 45.734614 62.045446 23.394407 43.220252 56.40821 13.317795 91.058102 12.581456 46.045966 65.725448 104.591995 13.010683 73.80696 57.868846 10.612724 63.335152 77.112148 26.499 19.935197 15.257528 20.447697 59.944661
0.01 27.60535 30.883452 111.105195 45.575601 44.56754 102.720819 43.000828 68.681801 62.718953 21.101677 43.098948 19.335627 51.95828 70.583513 38.638584 43.025697 42.73142 82.30074 21.929772 65.801614 8.111239 150.754983 66.505927 74.992882 70.268884 86.463328 96.814007 21.980972 43.501216 57.491718 21.520617 43.39407 30.39687 15.933577 79.542591 11.207762 53.270798 83.005995 74.498128 8.2434 67.716047 79.478767 19.631056 128.448018 71.902187 25.592652 26.112924 10.57695 26.42972 100.862931
0.01 67.137643 25.926674 103.9879 67.686771 27.889517 54.192508 63.195985 65.209516 54.794562 93.931534 25.819945 20.650182 74.866413 51.67661 22.500532 55.286543 17.609387 91.64665 13.694283 58.688779 16.551972 114.031956 70.450124 95.945398 56.874093 39.283549 100.69985 27.231275 30.109167 84.040869 21.570221 40.699428 56.899079 7.855451 63.060826 21.036145 58.08443 67.044745 99.131464 46.662955 59.961426 23.450751 3.657642 69.419388 75.538909 19.526531 20.674748 5.356707 20.474931 61.003151
0.01 87.983549 31.756325 93.859456 67.77076 89.390123 69.82468 36.083367 77.015236 46.714734 98.590302 47.226296 14.319851 104.655936 77.889669 45.037179 18.98247 34.744068 97.045256 21.003658 55.420346 15.781904 92.007971 41.651828 75.49853 46.385234 102.477471 116.205405 19.106163 42.427654 75.970443 32.82268 33.710235 47.254738 9.683622 66.737718 11.038526 48.759213 62.259033 67.555309 34.196806 62.233285 91.018358 4.801344 74.696326 79.605993 26.001925 22.751388 6.698296 28.365271 94.132248
0.01 110.162228 35.186794 51.387471 34.679761 44.674442 74.97194 66.449849 58.744224 55.468057 88.110284 33.685747 24.596459 60.218074 27.523984 26.379615 30.169253 28.37262 75.511851 5.897531 58.221229 22.440777 111.816028 50.620598 100.431399 43.801532 67.647067 96.037794 39.187164 39.654523 68.525704 13.646801 24.874382 51.305165 16.612643 35.775369 8.631761 56.138197 72.140344 101.841838 40.237824 59.203914 39.60306 11.408528 49.626923 108.622397 23.970943 21.092454 14.201846 18.472069 45.08898
0.01 90.019577 26.156211 61.608529 33.832704 45.603045 49.08617 32.587013 81.326428 50.067739 61.240023 48.880363 20.444092 94.296267 108.540168 14.336736 35.157823 30.747851 94.09554 32.317059 60.519296 19.948739 69.976088 57.979619 81.359053 65.291878 67.367571 98.429563 55.271565 40.775164 77.09459 23.136728 44.011378 39.327531 19.827086 64.856159 19.193363 52.61407 48.149512 143.996298 27.297373 61.211104 70.590702 11.643203 78.99696 101.485243 29.40516 22.688859 11.31212 40.455829 80.741272
0.01 66.831337 31.099973 87.181147 39.101284 62.068769 53.864565 78.15466 66.298609 45.610938 101.656578 49.615912 19.268126 66.331279 96.380968 35.985805 21.312752 39.886352 113.833783 21.880529 61.821305 27.317559 105.070699 62.467441 59.485662 63.951308 85.549171 81.449598 20.215837 35.738782 78.70494 26.280488 43.232841 27.817962 18.382482 84.576509 10.257384 49.269564 55.930413 88.640362 27.095457 77.348643 109.693929 6.045002 118.581285 94.546984 23.39467 29.462803 13.670262 27.959971 49.910515
0.01 63.21701 30.265064 93.425752 56.159621 17.564118 54.800231 79.89849 73.425579 58.302424 81.399233 33.607759 20.774936 87.93097 136.676573 7.369029 46.621405 31.974652 125.104033 25.392735 56.749091 19.468581 147.169064 62.209016 64.815721 61.69253 70.36848 75.565257 26.646944 53.497254 62.837294 24.413984 28.636738 38.658498 11.13646 53.340478 21.248798 47.409677 109.893227 119.660944 29.016577 59.11652 79.149788 7.84448 47.522611 97.189972 27.114851 22.674405 12.105948 35.87672 55.364646
0.01 44.71064 29.081543 46.725586 28.876206 41.522397 136.349449 66.812696 83.505821 41.327863 64.970518 45.127167 22.952139 52.305666 64.157352 46.825345 28.89961 26.18089 104.311416 21.284338 66.348633 15.02971 115.495376 62.656877 48.894848 70.278662 61.494134 70.266628 22.688995 58.383063 72.414277 10.388116 37.303522 33.835915 15.133388 98.324807 13.982446 41.407791 40.871328 94.404254 45.013043 58.190567 90.913943 21.600319 71.198712 63.715694 33.457658 19.752576 16.881449 36.923253 61.910264
0.01 105.467687 34.985433 107.96579 42.250275 15.87065 57.23489 38.058792 83.950646 55.574396 76.721783 41.558849 24.088288 91.11214 103.559718 30.702527 37.524963 44.082561 81.952799 17.857605 54.548995 17.521719 81.648465 55.295694 76.513146 62.808861 89.235823 68.76414 36.089905 55.357558 79.655686 18.800004 41.21314 47.25632 15.260126 96.308041 12.65434 45.57292 57.166984 117.159291 35.420202 57.47453 44.00243 10.62474 57.654227 75.145254 26.313661 22.2044 14.417544 25.679199 65.997948
0.01 64.584536 38.329958 86.161968 18.582147 16.351287 87.309478 41.404654 69.485578 52.677118 92.200209 33.372392 24.128813 116.463378 48.264188 20.803529 56.051632 48.795217 82.881359 19.72496 52.236827 15.130587 107.875408 60.31553 73.546403 46.394494 62.233074 63.082021 32.750453 58.685818 75.851309 17.884052 37.982842 42.720176 15.073242 120.498328 11.224894 49.891014 71.206982 87.10413 30.335569 51.742922 25.348734 14.549148 128.448018 61.355854 18.309368 34.563648 13.620228 28.337051 87.932339
0.01 59.60318 32.177401 44.146954 42.022844 47.57698 86.913155 35.375928 77.318652 85.492186 59.120398 48.86208 17.925227 80.822998 136.417314 19.693024 41.071943 34.882848 73.292763 20.000491 54.103961 26.750968 120.294637 56.235484 89.510164 51.753043 60.193045 87.749925 36.945036 45.594201 89.265739 13.625063 28.127186 42.253607 17.692705 46.358553 23.348122 54.430981 85.655659 122.397962 20.71357 78.34737 73.994178 13.187623 59.466741 45.814546 20.318699 29.786038 16.462679 23.298726 54.430878
0.01 86.327105 28.825367 97.619696 33.151762 25.838703 115.428467 74.874213 66.730022 71.460666 115.7556 30.926378 21.016026 111.690225 151.398309 18.111503 42.852961 22.326435 79.782568 22.250696 56.892605 19.211033 85.111788 51.401953 67.865356 51.205818 51.784243 153.474894 33.668147 43.266955 79.267728 32.3153 42.60016 35.134266 18.437066 82.162961 5.792133 52.329496 81.409878 97.801565 41.970566 49.480057 106.192906 19.169316 128.448018 101.586513 24.53986 26.575368 6.827017 18.214319 72.464415
0.01 31.603465 32.439088 89.921421 55.949683 31.863049 113.023215 55.748119 66.368137 73.933346 96.416954 42.56256 22.021979 101.269236 111.624736 16.829859 43.838799 25.465454 120.738674 17.820263 64.072817 12.174016 141.396815 57.29695 85.636618 46.782522 65.286285 154.75094 24.801856 48.332882 86.141437 32.340254 40.246803 51.850798 8.218733 53.909414 21.511492 47.391698 82.027904 98.624678 34.446747 63.738855 105.830533 9.085643 99.456362 82.582146 26.201969 41.347392 11.677767 17.151587 50.545423
0.01 80.180605 30.964522 133.587382 25.117134 88.267522 100.105061 48.817561 86.209318 47.732465 110.871488 26.583136 23.50338 83.385948 90.012556 26.436751 54.370548 50.086284 91.078039 12.725787 65.920155 27.027195 120.724899 65.662076 73.826178 66.455253 96.197165 106.241618 55.271565 51.564388 75.20422 45.721758 27.756859 38.489607 4.766309 51.637883 4.759919 52.752389 66.304101 101.520608 20.932617 64.440833 59.572439 11.800727 94.465275 103.196137 16.599957 30.377271 10.584308 22.342035 70.297881
0.01 59.335697 37.144565 46.78332 11.355471 50.241392 40.752097 49.161468 65.460962 63.204299 37.987944 32.840131 24.56691 157.31821 36.103951 22.276023 41.36249 31.604803 91.805979 15.613074 61.927878 19.675361 101.512739 61.55538 79.278088 58.960447 80.102372 60.30715 11.325589 54.396279 71.149021 24.395273 28.302082 63.051401 18.863336 51.049014 16.951239 41.340614 58.01239 108.1579 8.2434 67.788682 92.000639 13.103345 22.229963 70.944151 24.746003 36.719681 5.568173 25.988869 63.414084
0.01 103.351717 33.726893 23.688936 42.295104 25.819037 53.90539 44.658769 69.245959 73.07209 96.281677 46.421293 25.784169 156.004947 117.017381 22.651551 52.32384 41.703825 87.883782 29.90664 51.80708 10.634224 36.976912 44.002676 76.980819 50.73307 74.213554 118.316599 34.441144 60.803119 59.525016 32.309733 29.606646 59.367807 12.446101 82.985303 8.025632 49.003787 82.523857 99.454413 16.296398 61.022138 55.642221 8.633587 56.249817 89.230896 24.428481 27.414472 9.675286 27.838008 41.860736
0.01 88.677045 38.27373 23.688936 42.174698 56.038255 91.104661 55.959808 83.233707 51.446992 38.28412 46.016614 25.563987 91.174641 98.508326 24.972191 36.347189 23.971358 95.857114 20.927517 51.878938 17.430388 84.502279 45.748681 61.845412 45.383372 51.504361 67.971719 9.080031 56.05346 67.515516 35.470189 32.565735 30.86811 5.815729 60.223703 20.006547 47.804027 65.473979 96.705793 21.416547 69.792075 38.662282 10.813361 72.312766 98.845787 19.955582 22.312723 8.822818 15.774417 87.038576
0.01 104.242456 28.885343 71.964648 14.664173 40.249632 111.669652 46.912205 74.449221 54.227555 21.101677 35.969355 22.726982 59.503405 71.540974 43.839317 20.55107 44.907002 77.532304 16.538283 64.993968 10.230971 58.106828 49.196158 76.603822 46.500377 21.711499 132.017923 37.235646 57.73887 71.03382 42.014442 40.414561 28.692056 4.758169 71.880966 21.844484 48.426236 54.110004 71.596573 37.866411 65.071938 78.706388 9.963197 51.544279 57.343437 22.780879 28.217752 10.557354 27.343608 39.962305
0.01 88.208218 34.15498 53.012316 46.20754 27.473357 119.557325 65.866107 66.36631 73.87977 47.640011 36.028472 21.929258 92.4033 152.905769 28.080668 32.654104 35.468004 101.031278 13.977048 54.027177 18.609437 72.753307 54.213623 94.229176 39.948005 62.201152 96.182828 25.767328 49.676301 57.780216 21.289277 37.555969 44.562823 12.056995 57.871274 20.917125 48.716013 57.336841 106.412393 27.34736 63.925372 109.514406 5.86367 116.369571 140.569868 27.537229 24.486876 16.881449 30.713365 52.918865
0.01 70.99374 32.110156 112.683447 67.686771 28.387398 71.894683 64.58993 75.355919 58.602877 120.639122 41.61666 18.899933 70.521034 73.960837 35.160695 28.630744 44.77181 97.907259 29.343534 58.418129 20.69981 79.089835 56.876844 80.662817 54.474151 80.204925 155.532821 25.525949 37.542169 66.880772 34.293112 33.715294 11.907061 7.131819 85.053871 11.985992 35.527001 88.618969 86.132105 17.06623 75.215363 60.249818 8.604814 22.229963 62.415411 24.569337 25.588246 5.854915 8.884362 110.535814
0.01 58.075284 26.873251 108.205511 42.027324 44.298435 63.631112 68.860968 67.91613 59.462279 100.637442 23.392327 20.284531 113.184745 70.285195 33.242142 31.606286 44.058762 84.634697 5.897531 62.142054 28.947604 103.545044 55.130355 103.769546 47.511181 40.859415 128.896469 36.872181 40.789633 78.069341 28.060807 33.639918 44.802022 9.866873 65.191705 14.891425 50.381656 68.19181 94.603552 17.771582 73.263989 80.016312 11.352261 90.65622 50.79827 21.427944 24.92407 2.025265 28.918641 82.860261
0.01 93.905557 31.343978 41.927512 22.37487 65.050616 56.160874 58.129198 82.66789 54.938677 89.247989 39.740502 26.493621 85.746772 89.139102 28.960922 43.292724 10.006122 93.349156 17.94331 56.255934 18.33033 92.46952 39.799773 79.124898 65.09213 45.446657 155.532821 20.961789 54.929501 75.063535 32.838743 37.835096 32.314644 13.919448 66.764021 12.934408 42.186272 71.827645 100.664682 18.629898 71.043695 37.208235 8.702934 86.73776 74.336114 18.848203 29.570298 4.160984 20.746966 54.434449
0.01 57.642396 33.083841 88.643973 29.69306 53.458973 42.735373 51.313472 60.312449 50.255597 120.383248 47.804188 20.152587 78.306464 109.31713 7.369029 32.837561 31.86599 82.388671 9.97401 66.592155 4.401257 141.650186 59.392502 37.130476 59.958708 79.516522 48.541545 36.598281 55.599145 47.982934 9.416294 32.312166 45.125853 6.816365 86.73109 14.679362 42.862978 104.481843 98.331381 20.620909 88.303883 47.617801 6.993519 96.091936 115.363941 29.747568 25.69627 12.072048 32.460468 81.789694
0.01 47.108014 27.785234 81.294377 19.547223 78.326172 121.159143 52.670879 86.872621 62.319663 124.859014 37.315952 15.294592 47.927411 95.394475 46.825345 40.219489 43.650959 76.066994 18.215927 55.348166 19.872503 88.619984 60.134007 79.473666 66.293195 42.42946 60.357757 36.548727 38.597043 69.278174 28.589677 19.979996 42.558767 18.334951 85.30843 14.239511 53.640732 78.195508 79.433339 25.775879 59.982773 88.60039 10.250398 68.964277 90.259851 25.110742 32.761878 10.066452 36.377153 60.831106
0.01 51.944632 30.320774 72.257464 50.878913 49.876791 91.018294 81.553711 63.64362 54.997635 124.859014 20.192516 19.480601 94.570584 66.928742 24.93143 17.83445 41.009976 90.227614 11.674889 61.479464 12.374133 106.382267 53.435871 79.605484 70.523613 83.792838 119.03477 52.929283 37.882619 87.877099 34.861467 26.470746 11.907061 11.03922 68.01858 11.908223 59.065835 71.895577 75.305113 12.629315 70.507848 103.050487 16.397841 98.576159 116.620657 22.625378 27.569337 8.372812 24.997788 85.84532
0.01 21.770938 31.959725 61.989412 28.109197 65.038225 136.349449 50.464836 89.163874 52.636587 22.803163 35.375326 24.462608 135.448718 120.795622 26.250336 61.956315 26.691865 90.240186 25.496249 61.697938 10.058957 64.491711 50.982055 72.945571 35.033652 89.741076 78.774501 45.240949 49.783604 59.722223 18.837284 22.92139 26.935666 10.747679 78.198415 16.317497 41.552667 55.877557 108.06427 27.695766 62.172577 100.337578 9.329196 78.381449 80.849729 18.144623 17.344116 10.132265 29.561234 53.954595
0.01 97.846416 25.18067 41.407651 43.786294 43.15245 67.221282 42.522327 73.041789 56.722169 55.770964 49.026792 22.478723 80.762035 97.877991 12.670404 22.898987 32.599596 103.813956 18.816827 72.105256 18.195035 71.162727 51.816759 91.77382 73.325057 71.927474 110.122413 55.271565 49.358294 65.00773 23.509029 35.618275 11.907061 17.688356 35.996308 15.604297 43.967964 97.184261 96.033988 29.634726 53.559744 96.74166 11.535611 48.291027 67.102933 32.039742 28.90763 12.830808 14.523847 63.221825
0.01 90.854389 32.192096 76.511039 42.81023 40.431194 63.561479 46.104343 52.369243 62.427858 124.859014 21.820951 24.001497 72.679611 83.055665 46.825345 16.276585 26.70629 87.063518 16.88835 53.125149 6.928568 97.893482 58.719338 40.620986 69.143619 65.033812 101.426079 39.453601 43.692237 71.981254 32.069983 21.439662 43.52717 8.4172 102.502666 16.623421 41.359389 67.453846 104.496864 10.420903 53.05321 44.185633 9.319799 83.584398 45.346876 29.626505 7.439609 9.858339 21.421065 73.206566
0.01 113.208062 35.321764 23.688936 34.271011 42.267437 69.269177 33.796769 79.934725 68.26174 36.42996 54.110054 23.107169 26.912818 141.063835 19.67743 35.195178 18.301557 110.570097 24.100221 68.438246 6.221265 126.29001 52.679099 42.985303 59.669139 62.787165 111.532531 41.975521 36.784357 69.525678 29.498535 33.114244 22.152328 19.429807 59.497257 4.759919 40.57484 45.338964 92.142846 20.348351 68.238863 32.763094 12.19747 86.147409 74.918005 24.432636 37.390573 2.025265 22.993546 109.872434
0.01 69.696956 37.722508 109.579394 33.482698 60.823884 84.164618 29.789763 84.512919 59.542158 112.684432 33.953798 26.082812 99.655521 128.640652 24.896111 20.537457 36.537749 96.929088 15.888811 61.15336 28.947604 57.529741 59.092512 68.006993 59.516197 21.711499 62.920885 9.080031 35.623369 98.079537 26.821623 35.450996 63.051401 18.071192 53.456839 19.151689 47.036413 61.630007 94.638055 37.343803 68.657957 72.423235 9.49039 62.738393 107.457385 24.608914 18.937995 9.361104 27.369877 41.825219
0.01 68.315802 29.185477 105.849328 16.889419 79.665537 121.052343 52.437132 62.482799 52.597764 34.856239 38.219479 25.629132 53.528044 66.01973 43.085777 22.078682 33.75593 111.127212 27.345692 58.645411 23.054583 99.286531 52.61559 45.181184 64.273829 80.138167 69.525719 32.46021 47.586162 74.419542 18.254681 32.481235 63.051401 18.873538 96.838694 19.764715 51.169113 82.536232 80.912696 18.571421 66.137056 27.883942 10.931435 64.979104 90.90716 23.912118 20.486086 5.83116 21.122679 76.457391
0.01 42.570439 34.461773 85.499645 31.222952 71.040388 37.810927 51.518223 71.411697 50.06848 119.719986 33.471385 22.132155 153.190633 110.731817 27.050695 32.815371 18.419795 76.434916 14.694942 53.593939 8.285579 58.419806 56.562273 72.406577 54.719833 92.599774 44.514487 27.694902 30.883306 96.294886 27.339559 28.233346 43.359031 12.613556 51.60715 22.109912 44.811156 86.552562 117.389024 23.297366 58.102893 23.863684 16.864361 89.752043 88.414554 23.904353 29.844184 16.881449 37.963016 39.905434
0.01 34.919791 36.4762 34.634842 48.752751 37.12157 136.349449 63.548538 78.597039 52.959297 124.859014 30.843261 22.447551 132.546795 58.039257 46.825345 28.827483 37.338203 84.10627 15.491083 64.688544 15.785808 85.73787 55.547995 65.878409 56.216632 120.106589 56.003779 55.271565 44.330351 64.770572 20.456846 24.82098 45.499653 8.550751 82.678494 12.406887 43.104258 70.835906 104.509196 50.846876 53.661436 100.766819 16.414758 56.028651 92.872852 26.287996 15.617362 9.770244 29.627239 68.888015
0.01 107.680333 31.447962 68.283587 62.131197 29.29787 90.720132 57.216123 81.389895 57.474192 104.846893 26.593324 18.294347 123.526384 122.158282 32.67567 47.622756 28.335982 42.127808 19.968499 75.468009 19.453519 79.452474 54.947289 71.009006 57.349943 34.798014 155.532821 51.313131 27.030922 78.787555 29.550641 47.933624 51.035375 9.151574 61.485636 14.402881 52.490961 73.807889 98.117172 50.846876 51.501389 72.009109 13.012182 83.08178 27.644696 21.028553 30.586658 16.881449 12.807312 59.112716
0.01 72.719337 29.701804 55.162374 40.001037 59.370858 115.327686 51.558581 75.488967 45.768124 67.14396 37.609913 19.376011 101.970691 89.112616 16.971881 23.384824 46.274296 85.648466 25.034483 62.455006 12.551427 87.377948 50.399029 88.978163 74.212556 75.794907 85.966478 9.080031 44.021209 78.345382 36.734282 21.49689 14.628369 4.758169 80.2409 10.146667 53.405632 95.649174 71.292494 8.2434 66.856745 36.497172 12.532498 90.514841 80.752286 22.895966 34.227219 6.005931 29.81946 100.439429
0.01 98.393119 28.787201 85.418188 67.686771 75.720964 96.605165 45.000531 71.910851 39.84517 54.070314 40.550407 24.698238 26.912818 119.116821 25.815075 54.183673 37.733239 88.227417 15.071956 57.356401 20.654973 137.74144 54.881048 71.736624 60.142381 56.026451 103.682672 35.598136 30.435811 55.076636 13.799553 43.1957 26.755879 13.303891 77.497741 16.653131 51.004056 61.020581 80.898845 25.667608 51.375703 119.833134 15.091958 128.448018 74.302459 24.664582 24.059564 9.611614 28.801595 41.79926
0.01 66.185609 26.872021 73.49419 43.312759 25.15851 33.639982 74.084518 70.465308 62.553774 56.895275 23.383467 21.533021 87.729744 110.366912 29.558035 14.100171 23.389848 70.711375 9.835658 56.371849 9.839385 77.72623 52.164371 69.766881 64.07958 64.866685 115.804475 27.919417 43.654005 70.879523 27.262963 39.50497 19.14079 10.99473 62.298089 14.833195 40.305418 65.318685 108.515388 32.193291 72.266696 94.270722 11.078939 112.194939 53.967198 23.913039 29.172697 3.339567 28.276254 43.364176
0.01 62.449881 36.961041 58.386051 33.533568 51.705184 82.525606 40.065583 69.896573 46.743238 124.859014 40.336264 18.650042 87.44324 91.09992 31.209621 40.7534 26.956748 84.007756 21.117505 54.402023 9.691343 57.738715 55.645181 95.765424 53.258433 91.654313 86.360868 37.095665 40.242287 57.431109 18.650735 35.838348 11.907061 20.1708 87.032729 14.521965 54.951613 83.256256 109.410279 33.057352 72.262217 88.194733 17.933877 66.116596 96.185427 26.757668 25.650629 11.930075 16.862603 90.682295
0.01 95.399608 31.975568 82.951271 56.061832 83.489419 44.733145 59.911693 70.294531 63.677792 88.159149 23.941675 14.53832 82.33309 118.990985 28.258357 44.512442 33.217019 93.059554 15.548937 57.546637 15.428688 46.856634 59.871971 68.726143 56.662808 57.09477 123.20001 13.838779 43.587522 54.947252 22.798734 30.627268 17.250388 15.123833 80.52345 10.341936 57.17961 70.468009 115.002056 19.552582 65.109085 52.712802 15.9292 22.229963 92.408881 21.120171 26.719212 15.126523 35.627819 85.619611
0.01 110.973121 36.192917 88.939512 33.949838 36.38083 48.890026 59.766889 59.806866 57.918901 105.41394 39.605277 21.791618 84.0335 101.562724 36.893789 36.816444 41.84328 94.394351 21.660258 58.522563 16.969509 26.477573 46.381211 76.252486 69.389365 30.670392 67.430718 34.216628 36.288601 72.232909 27.617671 33.592456 56.372201 19.673469 96.798855 23.92638 49.59313 47.417192 83.467209 35.041183 59.173246 91.988866 15.961993 94.845971 79.828196 26.803516 17.035339 13.443242 19.015135 72.769252
0.01 48.909706 29.966981 86.636009 53.529747 38.735386 74.668108 52.654216 78.516419 47.907463 23.556968 29.728319 29.473874 107.235112 135.968168 14.338954 29.080708 26.736413 89.851718 25.986525 65.122971 10.016264 113.910773 49.04752 93.58302 57.232812 65.174099 129.910741 51.419475 41.769617 58.499142 28.225311 33.475021 28.285432 16.443412 95.944491 6.471145 51.614293 76.904114 99.037989 25.426415 67.928696 25.674933 7.726069 83.227402 63.284449 25.624759 17.164213 15.901485 19.759548 73.019691
0.01 79.912303 37.233447 28.554577 54.27008 54.551453 30.201193 19.946956 42.766662 60.462483 80.413612 20.588106 27.227809 102.892847 104.796502 8.580687 32.43639 43.174737 111.889288 15.828212 52.291005 16.694923 89.806169 56.544783 62.463935 53.487595 84.563069 31.218584 16.778691 24.615295 58.150497 22.841547 28.929058 48.766596 4.637809 59.578851 12.400911 39.59472 58.279531 96.554562 16.116066 67.668865 56.51166 9.94497 103.046355 93.998305 21.852254 18.993921 11.38776 15.837704 74.085439
0.01 74.647646 29.081094 46.052392 58.814777 81.102881 119.189743 56.983826 73.415526 47.146965 73.879477 34.00887 20.080721 157.31821 96.370572 18.593735 50.600279 36.421047 84.735162 14.710181 56.455824 7.316437 80.740995 57.523177 65.137428 64.111753 78.84385 97.761742 41.441852 37.888074 61.154426 18.883245 37.812651 39.481222 13.66405 59.575186 21.941173 51.609465 82.908459 99.816871 41.781702 55.608082 33.791366 13.430463 82.59452 60.172406 32.319 36.926518 12.179464 28.827941 91.719333
0.01 80.307843 33.146483 52.782433 13.005718 44.278615 51.587917 35.087459 66.28264 47.459207 28.118544 31.945051 24.844618 104.680358 71.603499 16.769657 24.930976 34.352901 118.733451 18.879321 62.769068 14.37227 149.436986 54.720697 79.440746 61.19889 120.106589 155.532821 18.235755 51.424008 67.630213 26.981166 44.27306 52.337929 23.03325 97.306477 12.118187 47.374221 39.581656 103.050792 34.916855 55.784258 87.318597 19.576983 22.229963 92.566804 21.390234 33.509421 11.341039 28.039005 87.322637
0.01 64.249987 33.930603 68.961403 17.784576 62.406597 82.650734 40.180034 71.534385 67.895194 93.093751 39.010361 18.463804 141.655144 90.46812 32.357285 49.514006 28.109095 89.988153 20.95992 61.335472 18.885048 106.135162 41.231366 61.571466 52.18823 104.046926 82.710267 34.41687 47.523341 72.978261 33.776179 28.114532 19.060122 14.751514 90.392446 16.116582 46.186582 56.643427 96.973531 12.234274 47.190963 36.936876 19.526282 49.625262 48.511922 17.493291 28.674857 9.385594 27.944776 88.980363
0.01 42.482146 38.413888 96.168171 11.355471 39.788624 59.535652 40.749021 78.134952 62.465032 29.165406 28.73906 24.074196 121.171416 114.158032 16.46492 14.902073 37.385553 77.742512 27.835521 60.74901 27.164434 103.35538 29.488667 79.452952 59.116409 21.711499 92.985132 9.080031 52.850037 68.502737 40.760043 28.604008 45.217581 8.547187 27.152666 15.42745 40.424616 57.443862 81.45508 14.639057 84.765726 70.078957 19.813925 108.585056 97.604811 25.183596 20.939109 7.16571 34.102861 110.904732
0.01 20.574182 38.780035 30.195289 61.618559 55.1206 68.64932 68.665435 78.349015 62.160892 25.405877 20.932027 20.60824 26.912818 53.084743 43.665418 33.823839 30.911353 98.915501 12.733215 63.430492 4.401257 100.961505 51.379795 84.972713 55.231853 94.589206 38.568636 17.442063 65.70606 85.897408 43.777213 29.918538 34.791476 9.573098 73.756464 22.657488 51.506863 63.288052 90.337307 8.2434 54.90009 45.414339 12.04586 95.199229 108.781318 29.317641 16.902916 12.624758 25.742484 80.190391
0.01 42.136678 33.079827 82.955438 56.036582 28.524346 75.075993 70.871104 71.933209 58.931706 58.569347 40.262441 22.776537 103.147604 131.006504 35.852353 30.052321 39.134251 112.77923 23.089898 58.456947 26.715876 26.477573 60.024889 51.801102 46.322779 62.756996 85.299246 49.866427 42.053503 81.760619 33.205512 41.020473 39.349918 13.724412 66.711885 13.225318 43.104466 64.061541 104.956971 17.029305 65.556223 127.334532 9.613557 55.702625 106.658356 29.281657 19.121891 16.17665 25.678467 67.215702
0.01 60.070757 35.98093 76.590094 37.26251 36.232354 90.361326 57.658212 59.471952 61.931507 74.575951 45.402969 23.082318 101.436066 75.264257 25.383316 53.99943 28.658552 91.949004 11.888117 60.848281 18.180149 84.005631 44.366498 90.0258 45.555007 60.867699 117.112326 53.939315 54.613418 59.23003 22.681707 48.675959 63.051401 14.770295 57.624427 14.640963 53.375339 32.448158 71.440969 8.2434 63.607402 96.594518 14.004973 78.400967 55.581264 20.37012 39.089178 13.547425 26.612781 71.517786
0.01 46.098059 32.118734 113.273187 30.996319 56.932039 109.269086 57.288281 77.675225 70.782297 28.07184 35.40457 24.19659 92.397078 92.36881 28.520055 46.558968 26.852347 106.184711 14.168468 52.976439 14.570767 110.064003 46.600375 56.676242 56.623851 76.133685 155.532821 9.080031 49.173959 65.856473 15.226806 29.601489 20.059418 15.753222 60.422601 17.5844 47.64347 72.0871 93.643647 26.443306 80.566542 90.903713 14.526754 86.586764 88.079574 23.58699 30.311529 9.514131 25.394773 56.16826
0.01 46.238125 32.06549 107.929769 26.883985 70.230486 58.235345 53.914581 75.006617 78.891742 86.433126 41.597173 25.463175 26.912818 98.472176 16.547201 11.603432 47.452454 113.461706 21.568832 51.694529 5.144687 104.751447 52.010877 64.66376 37.023007 71.294375 96.119901 14.879699 46.47095 74.566647 39.809078 40.035896 56.7164 13.22617 100.151437 16.902721 51.123104 67.393337 94.415362 50.846876 56.774429 83.8204 9.698772 105.52875 93.143534 16.609713 24.450201 13.000666 38.760582 52.352358
0.01 82.914019 32.474183 116.12343 33.761868 23.006811 98.102916 57.411744 67.600341 42.768423 124.859014 50.427707 20.150894 32.609488 106.124315 9.881099 29.476442 34.198253 122.004655 30.439835 60.950226 12.364185 105.791253 75.761262 85.920606 50.969051 66.536205 123.500468 32.725608 40.389109 82.384083 8.633663 28.608667 29.890485 17.067509 79.363802 12.828278 59.501435 69.713737 113.094187 40.10585 58.609155 69.319406 11.189135 95.642246 72.05445 17.539076 22.762476 3.969703 28.600268 54.431745
0.01 54.227888 25.323253 48.301099 67.774743 38.27251 73.822122 77.412008 75.327281 35.893066 64.253981 14.572233 20.690089 83.234659 111.039606 13.289867 48.731771 29.770129 102.077846 13.878283 61.041017 18.697235 128.675065 45.514891 93.527949 43.679399 37.998202 70.828946 45.789564 64.74549 51.993051 19.968974 35.9239 43.721726 14.68892 53.388895 15.024432 49.461576 76.208273 100.243131 27.458647 65.980793 76.030916 10.321194 64.472464 51.440416 33.658476 22.400093 6.764189 21.443781 65.08569
0.01 78.984785 37.514104 108.23816 50.50557 48.4704 92.132629 36.157241 71.879847 76.346952 76.325233 49.959151 19.372993 96.864184 99.013571 43.558474 49.159443 35.26904 85.588725 15.71952 63.998289 15.642347 89.299819 58.068903 33.118393 58.731257 64.848756 63.079431 15.200992 41.779029 64.303468 10.336023 34.147175 51.562896 4.758169 55.825736 11.999881 46.936103 71.187234 97.521464 24.601885 67.725146 23.450751 17.42678 128.448018 49.146609 23.381086 20.14471 9.281563 27.725697 62.260829
0.01 97.264961 37.212775 90.232714 29.601052 23.20068 50.338094 87.473773 58.413384 80.311516 88.211458 60.267832 21.901991 146.801058 56.242482 30.58714 17.718521 21.545137 105.578863 16.414894 57.65786 18.593666 81.798009 47.649519 82.068303 38.610823 73.533199 129.053854 13.095497 52.587447 75.189828 16.725304 34.554388 26.982354 10.256733 75.140336 9.514467 47.805164 80.341648 67.212185 34.019261 65.002874 55.196332 19.187725 76.010546 52.982572 23.868207 24.475694 7.101458 30.145594 52.863069
0.01 98.521187 31.666162 113.391656 32.84584 35.694509 99.536471 61.592371 67.180968 53.027572 103.998132 47.685042 18.805079 144.068975 83.935109 45.377478 37.798677 28.393069 110.202194 29.428144 56.461809 26.559894 69.780056 52.119725 72.890219 54.702257 77.500808 95.997211 26.659665 60.690618 71.175002 22.798699 48.388311 63.051401 4.538673 68.355416 17.219849 41.9556 67.276472 108.595117 37.676829 58.807198 116.864307 8.675886 22.229963 94.69606 30.027438 32.004623 16.881449 33.814078 82.300595
