32
0.03125 74.2614  21.8789  60.53  30.0402  36.0981  23.1532  50.4276  83.8327  16.248  82.3647  44.7893  22.3059  64.879  95.0573  19.4273  30.0219  40.9741  107.851  9.26556  50.8184  8.664  53.5999  52.0406  77.5318  37.2512  34.6511  50.0462  23.5912  30.8045  43.9519  17.6389  33.4326  37.106  9.42124  65.9814  12.5118  60.0001  72.5909  119.995  7.79265  24.8574  56.4077  12.6134  46.8965  24.234  23.9012  11.2742  9.10596  27.7446  77.8967
0.03125 53.1587  22.9169  97.5  29.8799  57.1136  52.0459  19.9944  46.4065  26.6232  85.9858  22.0991  22.795  31.4895  18.6227  33.6284  29.1815  12.8556  82.4017  15.7759  56.4361  18.853  46.0483  37.1762  29.5316  48.132  52.2087  63.2946  11.5879  50.3164  48.6691  31.5067  21.23  19.2929  4.32264  35.097  9.25986  41.8006  58.0934  100.19  30.2967  48.4205  85.4499  8.94121  51.5987  61.9632  20.7367  18.9533  12.4994  14.6433  41.6074
0.03125 52.3844  26.0951  2.87604  27.4972  28.9759  26.9851  63.0317  28.5012  7.40569  90.3945  33.0569  11.8399  95.1157  82.8706  17.2967  23.6758  21.8798  65.0547  11.5419  62.4532  10.337  73.4027  38.9371  52.2456  44.8094  78.5321  92.31  19.4693  38.0929  40.2623  19.9796  37.1902  19.4733  10.3318  59.578  16.4644  33.8238  27.9212  102.897  31.0158  26.3105  52.6084  9.68654  44.3583  100.132  23.4559  32.5109  10.2407  24.0697  38.381
0.03125 54.7058  23.9456  35.9407  11.7439  44.6258  84.1054  67.5976  49.8325  38.4237  45.2904  7.80711  27.3873  71.4986  81.7492  25.7304  18.7823  18.2109  106.692  8.9966  61.0138  17.9291  42.5449  35.6289  57.8961  40.7329  54.3455  78.1365  18.7529  15.569  42.2754  15.4356  15.8325  45.9385  10.4651  53.59  15.1893  -0.000229143  79.2431  85.1699  15.467  69.0988  47.5028  4.54676  62.0159  44.2103  16.8802  14.9073  9.87421  24.9756  74.0784
0.03125 72.9654  40  77.3695  39.3273  54.2912  69.3028  53.2788  90  35.5948  66.2394  20.5411  21.0358  46.2769  118.75  20.4983  41.8396  15.1217  57.9485  14.6926  10.7001  10.4339  50.0657  10.2442  66.1383  32.1056  44.8605  65.7219  30.2443  36.0711  57.6973  19.6994  38.3918  24.4689  13.2588  50.2372  18.7507  33.068  65.8005  56.3631  26.7214  22.6314  64.949  1.34547  61.7356  22.1305  19.5941  26.0295  4.7458  13.3937  33.2855
0.03125 48.4487  16.0016  68.4471  38.3542  14.9132  68.6414  40.9834  32.7922  41.2294  31.3931  44.4987  13.7407  80.9363  38.9761  28.8471  44.271  10.4613  89.0021  12.2683  34.4333  9.7459  113.75  43.2709  32.2576  44.3969  58.1651  89.5245  39.9999  48.278  55.133  12.6229  38.3628  36.4933  11.3429  59.5183  18.3268  32.4713  73.0543  89.4154  18.9748  48.7273  73.5254  7.4125  64.3698  72.2215  29.4943  12.0943  3.86132  20.8304  90.1526
0.03125 24.2882  22.2896  60.6049  31.3486  25.0975  33.4278  61.1819  64.2788  50.7995  31.0021  16.7201  7.76457  58.0543  52.2541  15.2537  36.8607  31.2752  107.478  23.75  61.364  4.5482  36.3138  28.6429  37.9712  39.38  45.3801  75.2668  18.0793  40.729  30.0357  13.1294  44.9671  35.2821  10.9802  50.0546  6.39568  41.7354  61.8735  73.0111  23.0448  34.5577  53.3899  6.44581  53.4315  56.8628  10.1127  13.3201  11.1219  17.1334  46.544
0.03125 32.8288  23.934  50.4718  41.6663  47.7295  47.7073  47.6872  43.373  63.2963  27.5353  42.5406  27.5  30.198  89.6208  12.8513  27.8231  8.20154  64.5301  9.69098  58.5593  18.2246  113.75  42.3751  46.1029  45.5309  6.10379  42.3787  14.9361  26.685  41.8306  18.0309  42.155  26.7889  11.3591  43.6517  9.23365  51.9119  40.7674  62.1909  25.477  32.3778  40.5685  11.4671  27.1506  58.3027  11.8999  8.48649  9.45917  4.63531  49.8273
0.03125 44.2859  16.5867  63.9661  30.5165  63.6782  83.0434  37.1194  67.9616  56.4417  20.8745  30.4177  17.2472  83.1176  118.75  13.0145  30.9601  18.4578  95.3886  3.75004  28.8799  8.73985  65.8364  37.8809  59.9669  68.75  60.5878  112.476  14.7764  56.6402  34.4679  17.6371  34.4556  25.4526  4.36023  57.6128  16.8965  48.759  38.4061  81.3435  31.7303  70.2449  76.8952  9.48252  78.0168  74.1488  21.028  17.2717  6.54876  33.5156  42.8879
0.03125 40.6403  6.49019  83.7423  40.3973  40.7711  78.6955  56.3639  47.6636  49.9397  37.8977  17.6211  16.1237  116.25  55.8862  14.2826  36.0053  13.9027  80.2611  8.59536  68.5757  11.9328  16.0915  32.0885  28.3392  62.9589  52.6659  20.8012  24.1244  22.9179  76.3371  14.856  20.4207  11.5353  12.1163  83.4563  12.6472  39.7458  62.3697  50.035  16.2726  21.9197  80.7054  13.5844  40.4788  65.1646  12.7693  25.6423  9.24559  31.8792  48.3916
0.03125 50.0405  33.542  59.8739  12.7838  29.4564  26.4032  21.0764  51.1864  71.25  64.1539  31.614  14.4062  34.3008  71.6035  30.4888  21.3821  23.4211  38.3985  10.6868  73.2807  15.1169  77.6318  57.4586  67.5897  41.9079  58.9334  34.8581  19.8449  40.0292  22.0919  13.0232  24.9683  15.4111  11.0816  74.3066  16.8565  28.0513  50.0818  32.0096  24.8234  19.1887  59.673  6.81378  84.935  64.0252  14.5023  11.8987  4.81756  31.4915  57.991
0.03125 66.4499  17.2158  70.4315  24.3707  22.027  71.0929  40.9786  57.4547  27.0766  71.3142  45  22.2662  88.207  61.7427  20.8386  13.8858  18.8322  84.7589  10.8292  48.0483  11.4112  89.6623  38.7699  77.9782  65.3195  59.5448  83.9205  21.4898  27.6046  74.7486  27.3261  43.6576  26.6375  15.1125  42.144  -0.000905885  35.5912  78.4764  77.2261  18.8513  68.0237  76.8751  4.16028  65.472  47.952  10.3121  19.4391  7.67389  24.8281  53.3224
0.03125 59.45  32.8118  49.2104  26.6852  22.6905  71.697  27.9787  90  40.1453  55.1721  30.7252  21.2192  99.3201  83.0836  10.9106  43.161  38.4904  24.8269  20.8194  67.6397  19.678  98.8596  36.3612  25.7787  64.15  40.2432  98.4359  34.9676  30.2107  26.5442  21.2933  22.1485  25.1048  9.3761  20.3887  15.8154  43.6081  54.0034  34.777  12.3181  78.1038  67.6165  13.1252  93.4507  50.7229  17.4671  17.6613  12.51  23.467  36.0841
0.03125 57.0497  18.6873  51.7654  26.432  29.6866  84.8052  52.0813  17.9048  30.6807  35.6523  45  14.0632  -1.43599e-005  43.7476  7.62722  42.1026  37.795  72.6727  6.9821  30.8416  11.5513  53.3157  20.5519  77.2373  44.4135  63.0235  29.3565  25.6942  12.327  32.7313  17.2264  14.9002  23.8232  7.7141  47.5795  6.67844  30.37  38.0517  68.2101  24.1988  78.7739  52.2051  6.0305  51.288  51.0002  19.6842  21.3177  6.89534  21.401  19.6387
0.03125 88.75  21.769  47.5806  39.1354  45.8539  85.6521  34.022  57.9398  49.6706  70.7972  25.2015  10.9443  49.6137  64.6222  25.6217  11.3967  35.5631  110.85  13.3814  65.2935  3.07915  57.3091  34.3562  30.3879  30.4748  35.2594  23.0458  32.7019  45.4722  25.5705  9.17059  35.8669  24.1956  8.65214  53.3249  15.7451  27.658  62.0251  61.7722  28.3491  78.7739  51.656  14.2188  75.896  70.7594  7.70731  25.3648  6.65542  13.1191  72.6457
0.03125 55.4828  32.3231  45.6596  2.83712  41.9473  82.417  33.6999  63.9464  41.5465  26.7212  41.4661  19.8485  78.0271  60.4795  17.1281  17.1806  18.2141  37.7206  18.428  63.0045  14.304  3.49823  50.645  35.5951  29.62  57.0384  64.0466  24.8785  27.1336  60.7555  27.107  40.1523  26.2506  8.43652  45.3592  11.7195  59.8765  63.0902  81.0774  19.2466  46.2735  50.5478  1.28836  59.9751  103.751  14.8758  30.1312  2.5423  22.2714  57.6767
0.03125 49.2484  15.4393  94.7318  6.58035  20.3687  47.3151  36.699  65.5337  41.371  45.5887  13.78  12.8051  42.7827  99.8358  23.6245  28.1793  25.1716  62.8776  9.41989  29.778  17.7461  55.159  20.9472  80.9387  31.8449  34.1725  69.4381  40  31.9964  33.3912  21.8203  44.8111  21.8784  13.8864  45.9697  10.1538  44.4154  25.7129  93.4292  25.3786  58.4556  32.2154  12.4236  61.3315  90.1242  12.4577  27.767  12.51  27.384  80.7099
0.03125 70.593  26.5398  63.5478  28.1037  3.65569  70.987  48.809  43.2881  57.4139  86.0785  22.2825  8.69137  44.7649  41.7165  27.6429  29.122  20.847  52.9587  16.9512  11.3437  13.9502  42.5373  49.2961  63.3484  68.5554  31.2535  62.2423  24.2668  44.6196  58.0935  22.9225  34.8226  38.8124  7.82934  87.6166  8.85042  48.8183  55.7173  37.7748  22.3386  50.4579  79.118  10.412  62.3736  69.2859  15.7363  20.9479  5.50394  19.6283  31.6764
0.03125 37.5966  26.6844  97.5  17.8998  57.9886  57.1645  45.3462  24.7764  10.0705  34.6627  29.2889  18.5734  116.25  76.2268  21.3098  42.0629  41.2288  66.1151  12.2668  40.5232  16.7525  32.2454  65.0317  80.6557  29.4692  40.0222  69.398  29.9067  39.5942  70.5198  18.1455  36.4192  29.6019  2.6141  60.4477  8.06699  32.612  54.7468  43.5969  31.7695  38.9006  52.9321  16.2504  92.9087  47.4934  15.0135  20.7757  5.6339  8.05812  74.747
0.03125 14.002  31.9466  50.4371  46.281  34.6634  35.5911  43.2719  36.6067  43.3737  80.8757  25.0679  25.4129  55.6533  102.209  17.6649  23.7388  24.5504  42.7719  23.1155  26.5179  13.5587  65.0005  41.6457  59.0299  68.7482  57.0852  51.2406  24.7204  26.7089  66.6558  0.276474  9.7464  41.4043  6.21178  78.2902  9.80211  56.682  40.8561  84.3951  13.266  66.2474  61.0007  7.64964  64.3885  75.7324  13.5442  30.8672  7.31299  23.5247  90.1526
0.03125 26.4174  35.2148  19.9351  17.5331  19.5057  56.312  24.8665  43.8451  49.7273  60.7865  24.9459  27.5  86.7924  67.1789  21.9079  25.213  20.2185  57.8321  15.6818  33.7335  2.71411  41.0323  40.4001  68.9128  50.0618  58.2901  81.8378  31.9914  33.5409  48.2904  19.7006  31.0093  5.44431  7.99637  68.6877  13.1831  15.0763  74.5  62.2101  33.5661  67.1781  73.1203  14.8382  11.1031  16.0409  17.706  14.1375  8.89563  11.6075  57.1605
0.03125 36.4972  12.1576  27.3529  17.8282  37.346  68.3494  32.4251  90  32.9483  55.3894  8.17341  16.6749  88.506  93.0039  33.7497  45.661  15.7204  81.0324  16.7431  40.1043  8.34003  106.157  61.3655  18.5623  41.0011  34.8448  28.9886  21.8947  31.0223  51.3995  21.11  21.7908  29.279  7.13949  33.3419  4.68494  46.121  54.8975  102.363  21.8965  55.2643  26.0357  9.24945  51.4936  39.8512  13.813  24.484  1.03234  23.0101  43.8228
0.03125 3.79167  40  86.8409  40.8846  30.0317  100  46.2812  56.3115  34.7126  76.329  32.3762  15.4844  57.9827  78.8452  22.0005  34.8472  23.356  100.791  11.3484  39.0042  11.3758  74.4797  34.2488  49.9603  -3.61264e-005  57.6557  104.538  16.5444  22.2728  64.0625  22.2001  15.6458  11.3429  6.52891  69.8376  16.0686  46.4318  55.7902  83.0938  16.2804  49.2237  42.893  9.20137  72.6357  84.9636  3.01526  9.27814  7.8079  25.8569  48.8331
0.03125 45.1461  20.0887  54.0274  35.9364  46.426  38.7672  47.0858  49.2807  67.6551  36.2434  34.5212  24.0476  99.2364  85.3197  19.9412  22.1803  11.547  117.446  21.288  58.32  18.9211  83.9493  38.4215  91.25  14.9797  62.3282  24.167  32.615  38.3995  43.4968  28.8475  19.6594  26.2964  14.158  86.4212  11.5839  46.2595  47.8762  85.9643  30.134  75.4679  68.672  11.3334  94.2456  54.0694  27.0297  32.5109  7.63062  14.7781  42.8069
0.03125 77.1597  24.6479  23.7971  42.3776  45.8953  48.06  37.4323  9.67405  58.8215  79.8595  30.0087  12.269  100.851  78.8302  31.9715  41.4406  27.3361  71.8577  6.11761  22.5998  15.3483  46.8857  39.1032  32.1158  53.0942  43.3237  59.6015  12.3781  11.7781  62.7859  25.0187  32.9644  22.1502  11.5185  29.621  16.0206  46.093  67.7786  91.6722  23.8617  58.2423  9.38798  9.70612  90.1138  81.4128  18.0824  19.947  10.0872  11.9087  54.8541
0.03125 28.2729  2.07291  83.9269  41.5204  44.9176  63.9828  24.9961  53.2881  39.059  80.4394  24.6788  22.6213  93.3838  34.4349  20.8373  12.5138  34.8513  12.7771  11.9494  63.5107  6.70088  64.3062  39.9271  67.5926  15.8307  76.9478  83.3841  18.6883  31.1058  49.4521  7.0876  33.1971  37.6684  13.238  46.327  13.2822  48.0866  55.2817  56.2901  21.5455  61.4419  37.6776  6.1744  74.477  56.3963  23.5702  11.9319  5.304  11.9552  17.0396
0.03125 71.7469  20.0662  37.8826  17.8831  44.4628  48.3954  41.8276  55.895  18.9329  63.2746  26.3592  18.6808  48.7984  73.6857  8.16436  35.7127  22.9513  105.926  13.5967  44.3121  15.3561  108.607  33.2217  55.2705  44.8022  72.6648  80.0951  19.4273  43.5215  28.0112  24.9614  18.7531  26.9163  10.1709  88.7505  9.31241  26.6988  88.7538  48.4127  8.21742  26.2854  59.2493  14.6197  79.556  102.931  5.56129  21.8483  2.26604  7.97834  27.5455
0.03125 31.4384  18.655  66.0956  28.5058  48.1459  72.8685  56.0823  50.3351  60.4596  78.9031  28.0679  17.2842  17.5544  82.4943  16.6695  24.6432  30.7715  72.3099  22.9303  48.243  6.14786  62.9154  51.0598  60.0693  43.5464  55.8649  79.4335  18.435  24.9914  46.6964  33.7111  27.4709  5.15773  10.6406  17.4538  11.8133  26.3334  30.9424  119.805  12.2184  40.4645  92.5739  12.8499  79.5846  58.6088  24.8576  21.2208  3.49626  18.2655  90.1526
0.03125 43.408  8.50081  89.5253  25.4094  38.0909  28.7301  19.2641  66.32  60.9179  76.0771  16.0017  19.3317  70.2096  57.8081  5.59156  17.9004  26.3093  91.8102  15.8636  16.9886  13.3628  66.8921  12.7344  32.3023  41.4029  59.2997  101.789  28.8517  25.1068  52.4628  19.4111  25.469  26.3628  11.8975  48.2607  11.9467  31.5124  65.2138  70.0032  19.7113  38.295  29.9004  13.0749  44.723  82.9498  24.0853  26.4929  5.41141  17.3387  59.0574
0.03125 39.6622  19.3717  51.4122  22.859  14.4168  94.9644  42.9377  49.9702  31.7401  57.6367  39.2768  14.9479  93.1344  87.1765  28.3697  28.179  24.5012  68.6054  16.4445  73.5645  14.2433  59.8841  3.10693  62.4323  39.4447  -0.00522231  86.1411  21.1983  46.4861  78.692  20.5585  14.3827  38.7137  11.1926  45.6394  12.9332  16.4466  -0.00658829  66.786  17.8965  26.2614  57.9985  11.3127  43.9923  76.4195  21.8805  19.092  4.98769  11.6111  55.8021
0.03125 88.5387  28.9942  56.6341  16.6068  45.8881  44.4927  36.0658  43.4496  52.609  40.1379  23.6518  19.4025  80.026  55.5446  18.0142  36.7262  28.5154  63.992  12.9724  43.5993  6.97579  58.2853  29.6831  48.6436  16.6391  26.9282  82.3729  21.1634  48.6373  26.2914  12.3905  -0.000161014  34.3237  6.77893  52.24  7.38106  59.1095  63.4851  99.6661  25.8544  41.2626  89.668  6.72399  38.0653  89.7446  27.7487  16.8842  9.62555  23.1703  52.505
0.03125 58.6415  25.2863  74.9803  40.56  29.6729  56.5934  59.3638  62.4344  45.6858  68.3598  5.87588  20.9238  49.9767  102.471  19.6496  21.3443  33.8277  91.5845  6.68695  69.2483  12.7411  57.8071  63.2044  83.0762  66.7555  50.9099  53.5026  28.4508  53.8618  73.2341  28.3395  20.3298  28.5536  9.0643  34.4443  14.8955  41.981  47.006  36.9068  19.6266  40.5035  30.0276  7.30612  44.7469  72.2737  26.5253  17.5438  6.19525  20.9461  24.7182
