16
0.0625 74.2614  21.8789  60.53  30.0402  36.0981  23.1532  50.4276  83.8327  16.248  82.3647  44.7893  22.3059  64.879  95.0573  19.4273  30.0219  40.9741  107.851  9.26556  50.8184  8.664  53.5999  52.0406  77.5318  37.2512  34.6511  50.0462  23.5912  30.8045  43.9519  17.6389  33.4326  37.106  9.42124  65.9814  12.5118  60.0001  72.5909  119.995  7.79265  24.8574  56.4077  12.6134  46.8965  24.234  23.9012  11.2742  9.10596  27.7446  77.8967
0.0625 53.1587  22.9169  97.5  29.8799  57.1136  52.0459  19.9944  46.4065  26.6232  85.9858  22.0991  22.795  31.4895  18.6227  33.6284  29.1815  12.8556  82.4017  15.7759  56.4361  18.853  46.0483  37.1762  29.5316  48.132  52.2087  63.2946  11.5879  50.3164  48.6691  31.5067  21.23  19.2929  4.32264  35.097  9.25986  41.8006  58.0934  100.19  30.2967  48.4205  85.4499  8.94121  51.5987  61.9632  20.7367  18.9533  12.4994  14.6433  41.6074
0.0625 52.3844  26.0951  2.87604  27.4972  28.9759  26.9851  63.0317  28.5012  7.40569  90.3945  33.0569  11.8399  95.1157  82.8706  17.2967  23.6758  21.8798  65.0547  11.5419  62.4532  10.337  73.4027  38.9371  52.2456  44.8094  78.5321  92.31  19.4693  38.0929  40.2623  19.9796  37.1902  19.4733  10.3318  59.578  16.4644  33.8238  27.9212  102.897  31.0158  26.3105  52.6084  9.68654  44.3583  100.132  23.4559  32.5109  10.2407  24.0697  38.381
0.0625 54.7058  23.9456  35.9407  11.7439  44.6258  84.1054  67.5976  49.8325  38.4237  45.2904  7.80711  27.3873  71.4986  81.7492  25.7304  18.7823  18.2109  106.692  8.9966  61.0138  17.9291  42.5449  35.6289  57.8961  40.7329  54.3455  78.1365  18.7529  15.569  42.2754  15.4356  15.8325  45.9385  10.4651  53.59  15.1893  -0.000229143  79.2431  85.1699  15.467  69.0988  47.5028  4.54676  62.0159  44.2103  16.8802  14.9073  9.87421  24.9756  74.0784
0.0625 72.9654  40  77.3695  39.3273  54.2912  69.3028  53.2788  90  35.5948  66.2394  20.5411  21.0358  46.2769  118.75  20.4983  41.8396  15.1217  57.9485  14.6926  10.7001  10.4339  50.0657  10.2442  66.1383  32.1056  44.8605  65.7219  30.2443  36.0711  57.6973  19.6994  38.3918  24.4689  13.2588  50.2372  18.7507  33.068  65.8005  56.3631  26.7214  22.6314  64.949  1.34547  61.7356  22.1305  19.5941  26.0295  4.7458  13.3937  33.2855
0.0625 48.4487  16.0016  68.4471  38.3542  14.9132  68.6414  40.9834  32.7922  41.2294  31.3931  44.4987  13.7407  80.9363  38.9761  28.8471  44.271  10.4613  89.0021  12.2683  34.4333  9.7459  113.75  43.2709  32.2576  44.3969  58.1651  89.5245  39.9999  48.278  55.133  12.6229  38.3628  36.4933  11.3429  59.5183  18.3268  32.4713  73.0543  89.4154  18.9748  48.7273  73.5254  7.4125  64.3698  72.2215  29.4943  12.0943  3.86132  20.8304  90.1526
0.0625 24.2882  22.2896  60.6049  31.3486  25.0975  33.4278  61.1819  64.2788  50.7995  31.0021  16.7201  7.76457  58.0543  52.2541  15.2537  36.8607  31.2752  107.478  23.75  61.364  4.5482  36.3138  28.6429  37.9712  39.38  45.3801  75.2668  18.0793  40.729  30.0357  13.1294  44.9671  35.2821  10.9802  50.0546  6.39568  41.7354  61.8735  73.0111  23.0448  34.5577  53.3899  6.44581  53.4315  56.8628  10.1127  13.3201  11.1219  17.1334  46.544
0.0625 32.8288  23.934  50.4718  41.6663  47.7295  47.7073  47.6872  43.373  63.2963  27.5353  42.5406  27.5  30.198  89.6208  12.8513  27.8231  8.20154  64.5301  9.69098  58.5593  18.2246  113.75  42.3751  46.1029  45.5309  6.10379  42.3787  14.9361  26.685  41.8306  18.0309  42.155  26.7889  11.3591  43.6517  9.23365  51.9119  40.7674  62.1909  25.477  32.3778  40.5685  11.4671  27.1506  58.3027  11.8999  8.48649  9.45917  4.63531  49.8273
0.0625 44.2859  16.5867  63.9661  30.5165  63.6782  83.0434  37.1194  67.9616  56.4417  20.8745  30.4177  17.2472  83.1176  118.75  13.0145  30.9601  18.4578  95.3886  3.75004  28.8799  8.73985  65.8364  37.8809  59.9669  68.75  60.5878  112.476  14.7764  56.6402  34.4679  17.6371  34.4556  25.4526  4.36023  57.6128  16.8965  48.759  38.4061  81.3435  31.7303  70.2449  76.8952  9.48252  78.0168  74.1488  21.028  17.2717  6.54876  33.5156  42.8879
0.0625 40.6403  6.49019  83.7423  40.3973  40.7711  78.6955  56.3639  47.6636  49.9397  37.8977  17.6211  16.1237  116.25  55.8862  14.2826  36.0053  13.9027  80.2611  8.59536  68.5757  11.9328  16.0915  32.0885  28.3392  62.9589  52.6659  20.8012  24.1244  22.9179  76.3371  14.856  20.4207  11.5353  12.1163  83.4563  12.6472  39.7458  62.3697  50.035  16.2726  21.9197  80.7054  13.5844  40.4788  65.1646  12.7693  25.6423  9.24559  31.8792  48.3916
0.0625 50.0405  33.542  59.8739  12.7838  29.4564  26.4032  21.0764  51.1864  71.25  64.1539  31.614  14.4062  34.3008  71.6035  30.4888  21.3821  23.4211  38.3985  10.6868  73.2807  15.1169  77.6318  57.4586  67.5897  41.9079  58.9334  34.8581  19.8449  40.0292  22.0919  13.0232  24.9683  15.4111  11.0816  74.3066  16.8565  28.0513  50.0818  32.0096  24.8234  19.1887  59.673  6.81378  84.935  64.0252  14.5023  11.8987  4.81756  31.4915  57.991
0.0625 66.4499  17.2158  70.4315  24.3707  22.027  71.0929  40.9786  57.4547  27.0766  71.3142  45  22.2662  88.207  61.7427  20.8386  13.8858  18.8322  84.7589  10.8292  48.0483  11.4112  89.6623  38.7699  77.9782  65.3195  59.5448  83.9205  21.4898  27.6046  74.7486  27.3261  43.6576  26.6375  15.1125  42.144  -0.000905885  35.5912  78.4764  77.2261  18.8513  68.0237  76.8751  4.16028  65.472  47.952  10.3121  19.4391  7.67389  24.8281  53.3224
0.0625 59.45  32.8118  49.2104  26.6852  22.6905  71.697  27.9787  90  40.1453  55.1721  30.7252  21.2192  99.3201  83.0836  10.9106  43.161  38.4904  24.8269  20.8194  67.6397  19.678  98.8596  36.3612  25.7787  64.15  40.2432  98.4359  34.9676  30.2107  26.5442  21.2933  22.1485  25.1048  9.3761  20.3887  15.8154  43.6081  54.0034  34.777  12.3181  78.1038  67.6165  13.1252  93.4507  50.7229  17.4671  17.6613  12.51  23.467  36.0841
0.0625 57.0497  18.6873  51.7654  26.432  29.6866  84.8052  52.0813  17.9048  30.6807  35.6523  45  14.0632  -1.43599e-005  43.7476  7.62722  42.1026  37.795  72.6727  6.9821  30.8416  11.5513  53.3157  20.5519  77.2373  44.4135  63.0235  29.3565  25.6942  12.327  32.7313  17.2264  14.9002  23.8232  7.7141  47.5795  6.67844  30.37  38.0517  68.2101  24.1988  78.7739  52.2051  6.0305  51.288  51.0002  19.6842  21.3177  6.89534  21.401  19.6387
0.0625 88.75  21.769  47.5806  39.1354  45.8539  85.6521  34.022  57.9398  49.6706  70.7972  25.2015  10.9443  49.6137  64.6222  25.6217  11.3967  35.5631  110.85  13.3814  65.2935  3.07915  57.3091  34.3562  30.3879  30.4748  35.2594  23.0458  32.7019  45.4722  25.5705  9.17059  35.8669  24.1956  8.65214  53.3249  15.7451  27.658  62.0251  61.7722  28.3491  78.7739  51.656  14.2188  75.896  70.7594  7.70731  25.3648  6.65542  13.1191  72.6457
0.0625 55.4828  32.3231  45.6596  2.83712  41.9473  82.417  33.6999  63.9464  41.5465  26.7212  41.4661  19.8485  78.0271  60.4795  17.1281  17.1806  18.2141  37.7206  18.428  63.0045  14.304  3.49823  50.645  35.5951  29.62  57.0384  64.0466  24.8785  27.1336  60.7555  27.107  40.1523  26.2506  8.43652  45.3592  11.7195  59.8765  63.0902  81.0774  19.2466  46.2735  50.5478  1.28836  59.9751  103.751  14.8758  30.1312  2.5423  22.2714  57.6767
