64
0.015625 74.2614  21.8789  60.53  30.0402  36.0981  23.1532  50.4276  83.8327  16.248  82.3647  44.7893  22.3059  64.879  95.0573  19.4273  30.0219  40.9741  107.851  9.26556  50.8184  8.664  53.5999  52.0406  77.5318  37.2512  34.6511  50.0462  23.5912  30.8045  43.9519  17.6389  33.4326  37.106  9.42124  65.9814  12.5118  60.0001  72.5909  119.995  7.79265  24.8574  56.4077  12.6134  46.8965  24.234  23.9012  11.2742  9.10596  27.7446  77.8967
0.015625 53.1587  22.9169  97.5  29.8799  57.1136  52.0459  19.9944  46.4065  26.6232  85.9858  22.0991  22.795  31.4895  18.6227  33.6284  29.1815  12.8556  82.4017  15.7759  56.4361  18.853  46.0483  37.1762  29.5316  48.132  52.2087  63.2946  11.5879  50.3164  48.6691  31.5067  21.23  19.2929  4.32264  35.097  9.25986  41.8006  58.0934  100.19  30.2967  48.4205  85.4499  8.94121  51.5987  61.9632  20.7367  18.9533  12.4994  14.6433  41.6074
0.015625 52.3844  26.0951  2.87604  27.4972  28.9759  26.9851  63.0317  28.5012  7.40569  90.3945  33.0569  11.8399  95.1157  82.8706  17.2967  23.6758  21.8798  65.0547  11.5419  62.4532  10.337  73.4027  38.9371  52.2456  44.8094  78.5321  92.31  19.4693  38.0929  40.2623  19.9796  37.1902  19.4733  10.3318  59.578  16.4644  33.8238  27.9212  102.897  31.0158  26.3105  52.6084  9.68654  44.3583  100.132  23.4559  32.5109  10.2407  24.0697  38.381
0.015625 54.7058  23.9456  35.9407  11.7439  44.6258  84.1054  67.5976  49.8325  38.4237  45.2904  7.80711  27.3873  71.4986  81.7492  25.7304  18.7823  18.2109  106.692  8.9966  61.0138  17.9291  42.5449  35.6289  57.8961  40.7329  54.3455  78.1365  18.7529  15.569  42.2754  15.4356  15.8325  45.9385  10.4651  53.59  15.1893  -0.000229143  79.2431  85.1699  15.467  69.0988  47.5028  4.54676  62.0159  44.2103  16.8802  14.9073  9.87421  24.9756  74.0784
0.015625 72.9654  40  77.3695  39.3273  54.2912  69.3028  53.2788  90  35.5948  66.2394  20.5411  21.0358  46.2769  118.75  20.4983  41.8396  15.1217  57.9485  14.6926  10.7001  10.4339  50.0657  10.2442  66.1383  32.1056  44.8605  65.7219  30.2443  36.0711  57.6973  19.6994  38.3918  24.4689  13.2588  50.2372  18.7507  33.068  65.8005  56.3631  26.7214  22.6314  64.949  1.34547  61.7356  22.1305  19.5941  26.0295  4.7458  13.3937  33.2855
0.015625 48.4487  16.0016  68.4471  38.3542  14.9132  68.6414  40.9834  32.7922  41.2294  31.3931  44.4987  13.7407  80.9363  38.9761  28.8471  44.271  10.4613  89.0021  12.2683  34.4333  9.7459  113.75  43.2709  32.2576  44.3969  58.1651  89.5245  39.9999  48.278  55.133  12.6229  38.3628  36.4933  11.3429  59.5183  18.3268  32.4713  73.0543  89.4154  18.9748  48.7273  73.5254  7.4125  64.3698  72.2215  29.4943  12.0943  3.86132  20.8304  90.1526
0.015625 24.2882  22.2896  60.6049  31.3486  25.0975  33.4278  61.1819  64.2788  50.7995  31.0021  16.7201  7.76457  58.0543  52.2541  15.2537  36.8607  31.2752  107.478  23.75  61.364  4.5482  36.3138  28.6429  37.9712  39.38  45.3801  75.2668  18.0793  40.729  30.0357  13.1294  44.9671  35.2821  10.9802  50.0546  6.39568  41.7354  61.8735  73.0111  23.0448  34.5577  53.3899  6.44581  53.4315  56.8628  10.1127  13.3201  11.1219  17.1334  46.544
0.015625 32.8288  23.934  50.4718  41.6663  47.7295  47.7073  47.6872  43.373  63.2963  27.5353  42.5406  27.5  30.198  89.6208  12.8513  27.8231  8.20154  64.5301  9.69098  58.5593  18.2246  113.75  42.3751  46.1029  45.5309  6.10379  42.3787  14.9361  26.685  41.8306  18.0309  42.155  26.7889  11.3591  43.6517  9.23365  51.9119  40.7674  62.1909  25.477  32.3778  40.5685  11.4671  27.1506  58.3027  11.8999  8.48649  9.45917  4.63531  49.8273
0.015625 44.2859  16.5867  63.9661  30.5165  63.6782  83.0434  37.1194  67.9616  56.4417  20.8745  30.4177  17.2472  83.1176  118.75  13.0145  30.9601  18.4578  95.3886  3.75004  28.8799  8.73985  65.8364  37.8809  59.9669  68.75  60.5878  112.476  14.7764  56.6402  34.4679  17.6371  34.4556  25.4526  4.36023  57.6128  16.8965  48.759  38.4061  81.3435  31.7303  70.2449  76.8952  9.48252  78.0168  74.1488  21.028  17.2717  6.54876  33.5156  42.8879
0.015625 40.6403  6.49019  83.7423  40.3973  40.7711  78.6955  56.3639  47.6636  49.9397  37.8977  17.6211  16.1237  116.25  55.8862  14.2826  36.0053  13.9027  80.2611  8.59536  68.5757  11.9328  16.0915  32.0885  28.3392  62.9589  52.6659  20.8012  24.1244  22.9179  76.3371  14.856  20.4207  11.5353  12.1163  83.4563  12.6472  39.7458  62.3697  50.035  16.2726  21.9197  80.7054  13.5844  40.4788  65.1646  12.7693  25.6423  9.24559  31.8792  48.3916
0.015625 50.0405  33.542  59.8739  12.7838  29.4564  26.4032  21.0764  51.1864  71.25  64.1539  31.614  14.4062  34.3008  71.6035  30.4888  21.3821  23.4211  38.3985  10.6868  73.2807  15.1169  77.6318  57.4586  67.5897  41.9079  58.9334  34.8581  19.8449  40.0292  22.0919  13.0232  24.9683  15.4111  11.0816  74.3066  16.8565  28.0513  50.0818  32.0096  24.8234  19.1887  59.673  6.81378  84.935  64.0252  14.5023  11.8987  4.81756  31.4915  57.991
0.015625 66.4499  17.2158  70.4315  24.3707  22.027  71.0929  40.9786  57.4547  27.0766  71.3142  45  22.2662  88.207  61.7427  20.8386  13.8858  18.8322  84.7589  10.8292  48.0483  11.4112  89.6623  38.7699  77.9782  65.3195  59.5448  83.9205  21.4898  27.6046  74.7486  27.3261  43.6576  26.6375  15.1125  42.144  -0.000905885  35.5912  78.4764  77.2261  18.8513  68.0237  76.8751  4.16028  65.472  47.952  10.3121  19.4391  7.67389  24.8281  53.3224
0.015625 59.45  32.8118  49.2104  26.6852  22.6905  71.697  27.9787  90  40.1453  55.1721  30.7252  21.2192  99.3201  83.0836  10.9106  43.161  38.4904  24.8269  20.8194  67.6397  19.678  98.8596  36.3612  25.7787  64.15  40.2432  98.4359  34.9676  30.2107  26.5442  21.2933  22.1485  25.1048  9.3761  20.3887  15.8154  43.6081  54.0034  34.777  12.3181  78.1038  67.6165  13.1252  93.4507  50.7229  17.4671  17.6613  12.51  23.467  36.0841
0.015625 57.0497  18.6873  51.7654  26.432  29.6866  84.8052  52.0813  17.9048  30.6807  35.6523  45  14.0632  -1.43599e-005  43.7476  7.62722  42.1026  37.795  72.6727  6.9821  30.8416  11.5513  53.3157  20.5519  77.2373  44.4135  63.0235  29.3565  25.6942  12.327  32.7313  17.2264  14.9002  23.8232  7.7141  47.5795  6.67844  30.37  38.0517  68.2101  24.1988  78.7739  52.2051  6.0305  51.288  51.0002  19.6842  21.3177  6.89534  21.401  19.6387
0.015625 88.75  21.769  47.5806  39.1354  45.8539  85.6521  34.022  57.9398  49.6706  70.7972  25.2015  10.9443  49.6137  64.6222  25.6217  11.3967  35.5631  110.85  13.3814  65.2935  3.07915  57.3091  34.3562  30.3879  30.4748  35.2594  23.0458  32.7019  45.4722  25.5705  9.17059  35.8669  24.1956  8.65214  53.3249  15.7451  27.658  62.0251  61.7722  28.3491  78.7739  51.656  14.2188  75.896  70.7594  7.70731  25.3648  6.65542  13.1191  72.6457
0.015625 55.4828  32.3231  45.6596  2.83712  41.9473  82.417  33.6999  63.9464  41.5465  26.7212  41.4661  19.8485  78.0271  60.4795  17.1281  17.1806  18.2141  37.7206  18.428  63.0045  14.304  3.49823  50.645  35.5951  29.62  57.0384  64.0466  24.8785  27.1336  60.7555  27.107  40.1523  26.2506  8.43652  45.3592  11.7195  59.8765  63.0902  81.0774  19.2466  46.2735  50.5478  1.28836  59.9751  103.751  14.8758  30.1312  2.5423  22.2714  57.6767
0.015625 49.2484  15.4393  94.7318  6.58035  20.3687  47.3151  36.699  65.5337  41.371  45.5887  13.78  12.8051  42.7827  99.8358  23.6245  28.1793  25.1716  62.8776  9.41989  29.778  17.7461  55.159  20.9472  80.9387  31.8449  34.1725  69.4381  40  31.9964  33.3912  21.8203  44.8111  21.8784  13.8864  45.9697  10.1538  44.4154  25.7129  93.4292  25.3786  58.4556  32.2154  12.4236  61.3315  90.1242  12.4577  27.767  12.51  27.384  80.7099
0.015625 70.593  26.5398  63.5478  28.1037  3.65569  70.987  48.809  43.2881  57.4139  86.0785  22.2825  8.69137  44.7649  41.7165  27.6429  29.122  20.847  52.9587  16.9512  11.3437  13.9502  42.5373  49.2961  63.3484  68.5554  31.2535  62.2423  24.2668  44.6196  58.0935  22.9225  34.8226  38.8124  7.82934  87.6166  8.85042  48.8183  55.7173  37.7748  22.3386  50.4579  79.118  10.412  62.3736  69.2859  15.7363  20.9479  5.50394  19.6283  31.6764
0.015625 37.5966  26.6844  97.5  17.8998  57.9886  57.1645  45.3462  24.7764  10.0705  34.6627  29.2889  18.5734  116.25  76.2268  21.3098  42.0629  41.2288  66.1151  12.2668  40.5232  16.7525  32.2454  65.0317  80.6557  29.4692  40.0222  69.398  29.9067  39.5942  70.5198  18.1455  36.4192  29.6019  2.6141  60.4477  8.06699  32.612  54.7468  43.5969  31.7695  38.9006  52.9321  16.2504  92.9087  47.4934  15.0135  20.7757  5.6339  8.05812  74.747
0.015625 14.002  31.9466  50.4371  46.281  34.6634  35.5911  43.2719  36.6067  43.3737  80.8757  25.0679  25.4129  55.6533  102.209  17.6649  23.7388  24.5504  42.7719  23.1155  26.5179  13.5587  65.0005  41.6457  59.0299  68.7482  57.0852  51.2406  24.7204  26.7089  66.6558  0.276474  9.7464  41.4043  6.21178  78.2902  9.80211  56.682  40.8561  84.3951  13.266  66.2474  61.0007  7.64964  64.3885  75.7324  13.5442  30.8672  7.31299  23.5247  90.1526
0.015625 26.4174  35.2148  19.9351  17.5331  19.5057  56.312  24.8665  43.8451  49.7273  60.7865  24.9459  27.5  86.7924  67.1789  21.9079  25.213  20.2185  57.8321  15.6818  33.7335  2.71411  41.0323  40.4001  68.9128  50.0618  58.2901  81.8378  31.9914  33.5409  48.2904  19.7006  31.0093  5.44431  7.99637  68.6877  13.1831  15.0763  74.5  62.2101  33.5661  67.1781  73.1203  14.8382  11.1031  16.0409  17.706  14.1375  8.89563  11.6075  57.1605
0.015625 36.4972  12.1576  27.3529  17.8282  37.346  68.3494  32.4251  90  32.9483  55.3894  8.17341  16.6749  88.506  93.0039  33.7497  45.661  15.7204  81.0324  16.7431  40.1043  8.34003  106.157  61.3655  18.5623  41.0011  34.8448  28.9886  21.8947  31.0223  51.3995  21.11  21.7908  29.279  7.13949  33.3419  4.68494  46.121  54.8975  102.363  21.8965  55.2643  26.0357  9.24945  51.4936  39.8512  13.813  24.484  1.03234  23.0101  43.8228
0.015625 3.79167  40  86.8409  40.8846  30.0317  100  46.2812  56.3115  34.7126  76.329  32.3762  15.4844  57.9827  78.8452  22.0005  34.8472  23.356  100.791  11.3484  39.0042  11.3758  74.4797  34.2488  49.9603  -3.61264e-005  57.6557  104.538  16.5444  22.2728  64.0625  22.2001  15.6458  11.3429  6.52891  69.8376  16.0686  46.4318  55.7902  83.0938  16.2804  49.2237  42.893  9.20137  72.6357  84.9636  3.01526  9.27814  7.8079  25.8569  48.8331
0.015625 45.1461  20.0887  54.0274  35.9364  46.426  38.7672  47.0858  49.2807  67.6551  36.2434  34.5212  24.0476  99.2364  85.3197  19.9412  22.1803  11.547  117.446  21.288  58.32  18.9211  83.9493  38.4215  91.25  14.9797  62.3282  24.167  32.615  38.3995  43.4968  28.8475  19.6594  26.2964  14.158  86.4212  11.5839  46.2595  47.8762  85.9643  30.134  75.4679  68.672  11.3334  94.2456  54.0694  27.0297  32.5109  7.63062  14.7781  42.8069
0.015625 77.1597  24.6479  23.7971  42.3776  45.8953  48.06  37.4323  9.67405  58.8215  79.8595  30.0087  12.269  100.851  78.8302  31.9715  41.4406  27.3361  71.8577  6.11761  22.5998  15.3483  46.8857  39.1032  32.1158  53.0942  43.3237  59.6015  12.3781  11.7781  62.7859  25.0187  32.9644  22.1502  11.5185  29.621  16.0206  46.093  67.7786  91.6722  23.8617  58.2423  9.38798  9.70612  90.1138  81.4128  18.0824  19.947  10.0872  11.9087  54.8541
0.015625 28.2729  2.07291  83.9269  41.5204  44.9176  63.9828  24.9961  53.2881  39.059  80.4394  24.6788  22.6213  93.3838  34.4349  20.8373  12.5138  34.8513  12.7771  11.9494  63.5107  6.70088  64.3062  39.9271  67.5926  15.8307  76.9478  83.3841  18.6883  31.1058  49.4521  7.0876  33.1971  37.6684  13.238  46.327  13.2822  48.0866  55.2817  56.2901  21.5455  61.4419  37.6776  6.1744  74.477  56.3963  23.5702  11.9319  5.304  11.9552  17.0396
0.015625 71.7469  20.0662  37.8826  17.8831  44.4628  48.3954  41.8276  55.895  18.9329  63.2746  26.3592  18.6808  48.7984  73.6857  8.16436  35.7127  22.9513  105.926  13.5967  44.3121  15.3561  108.607  33.2217  55.2705  44.8022  72.6648  80.0951  19.4273  43.5215  28.0112  24.9614  18.7531  26.9163  10.1709  88.7505  9.31241  26.6988  88.7538  48.4127  8.21742  26.2854  59.2493  14.6197  79.556  102.931  5.56129  21.8483  2.26604  7.97834  27.5455
0.015625 31.4384  18.655  66.0956  28.5058  48.1459  72.8685  56.0823  50.3351  60.4596  78.9031  28.0679  17.2842  17.5544  82.4943  16.6695  24.6432  30.7715  72.3099  22.9303  48.243  6.14786  62.9154  51.0598  60.0693  43.5464  55.8649  79.4335  18.435  24.9914  46.6964  33.7111  27.4709  5.15773  10.6406  17.4538  11.8133  26.3334  30.9424  119.805  12.2184  40.4645  92.5739  12.8499  79.5846  58.6088  24.8576  21.2208  3.49626  18.2655  90.1526
0.015625 43.408  8.50081  89.5253  25.4094  38.0909  28.7301  19.2641  66.32  60.9179  76.0771  16.0017  19.3317  70.2096  57.8081  5.59156  17.9004  26.3093  91.8102  15.8636  16.9886  13.3628  66.8921  12.7344  32.3023  41.4029  59.2997  101.789  28.8517  25.1068  52.4628  19.4111  25.469  26.3628  11.8975  48.2607  11.9467  31.5124  65.2138  70.0032  19.7113  38.295  29.9004  13.0749  44.723  82.9498  24.0853  26.4929  5.41141  17.3387  59.0574
0.015625 39.6622  19.3717  51.4122  22.859  14.4168  94.9644  42.9377  49.9702  31.7401  57.6367  39.2768  14.9479  93.1344  87.1765  28.3697  28.179  24.5012  68.6054  16.4445  73.5645  14.2433  59.8841  3.10693  62.4323  39.4447  -0.00522231  86.1411  21.1983  46.4861  78.692  20.5585  14.3827  38.7137  11.1926  45.6394  12.9332  16.4466  -0.00658829  66.786  17.8965  26.2614  57.9985  11.3127  43.9923  76.4195  21.8805  19.092  4.98769  11.6111  55.8021
0.015625 88.5387  28.9942  56.6341  16.6068  45.8881  44.4927  36.0658  43.4496  52.609  40.1379  23.6518  19.4025  80.026  55.5446  18.0142  36.7262  28.5154  63.992  12.9724  43.5993  6.97579  58.2853  29.6831  48.6436  16.6391  26.9282  82.3729  21.1634  48.6373  26.2914  12.3905  -0.000161014  34.3237  6.77893  52.24  7.38106  59.1095  63.4851  99.6661  25.8544  41.2626  89.668  6.72399  38.0653  89.7446  27.7487  16.8842  9.62555  23.1703  52.505
0.015625 58.6415  25.2863  74.9803  40.56  29.6729  56.5934  59.3638  62.4344  45.6858  68.3598  5.87588  20.9238  49.9767  102.471  19.6496  21.3443  33.8277  91.5845  6.68695  69.2483  12.7411  57.8071  63.2044  83.0762  66.7555  50.9099  53.5026  28.4508  53.8618  73.2341  28.3395  20.3298  28.5536  9.0643  34.4443  14.8955  41.981  47.006  36.9068  19.6266  40.5035  30.0276  7.30612  44.7469  72.2737  26.5253  17.5438  6.19525  20.9461  24.7182
0.015625 38.6494  30.1923  69.7437  41.2088  34.6379  72.5297  41.6206  82.2765  52.8345  64.2335  27.9948  9.441  78.6259  23.2105  19.486  35.6152  34.3376  94.4496  16.6542  44.2556  21.25  95.2517  66.2497  68.1632  27.3526  37.0833  42.8498  34.9589  16.6164  45.7628  19.4798  35.8541  29.6402  5.05395  65.9556  14.5229  12.1847  54.8582  111.609  22.158  53.883  55.3438  7.14353  19.4155  82.4384  26.5975  25.7852  7.64209  24.9729  21.1802
0.015625 67.428  27.7144  93.2764  24.6099  20.2919  61.7863  25.5079  38.0571  23.7455  38.9858  18.3725  16.1083  52.1834  118.75  16.8683  28.6054  28.6328  90.0986  21.5315  70.7304  13.3657  98.3946  43.3426  28.6726  51.452  74.7698  93.9781  20.1813  25.5292  75.2366  19.012  33.1985  20.4702  7.56562  88.7505  12.6036  42.8105  68.8641  89.2757  33.9828  56.0709  42.9805  7.02645  37.4563  52.4187  26.0077  22.5317  9.52827  10.3628  41.2528
0.015625 47.6402  12.823  23.9795  43.5656  32.3316  60.141  36.8941  77.1731  27.324  68.0099  23.7217  8.7094  76.0862  63.9941  16.7202  25.6698  11.2228  32.3405  11.3369  50.4706  15.018  55.4305  12.5918  76.4975  29.7024  54.21  60.3039  31.8614  26.0211  27.1423  33.7485  17.0444  33.2462  2.27769  60.0206  12.5341  51.8046  71.5057  46.9815  30.1364  36.4785  48.8274  7.88646  54.6448  36.3287  20.5032  18.8423  7.1955  11.9307  88.6944
0.015625 65.502  28.934  79.1649  38.8073  44.4058  61.835  36.0697  40.2232  27.3229  63.675  19.7371  23.59  116.25  94.9065  20.2648  44.5345  18.3553  29.8372  19.8436  34.606  13.8052  48.8098  30.3996  65.9684  39.3601  88.7542  8.26725  18.1232  42.3515  10.9375  21.6252  40.7264  34.5174  12.7167  38.5798  10.3511  18.0405  31.8145  101.9  14.4017  57.1432  71.2328  13.1752  27.006  93.2602  15.0068  7.10311  5.08785  24.4991  40.1275
0.015625 56.2637  27.5056  60.0759  37.0975  66.25  92.0838  18.1465  51.0089  33.1159  47.9816  41.2584  5.99602  50.0314  87.0565  26.6909  17.1484  13.1101  68.646  23.3989  46.3572  12.2359  44.6266  51.4942  91.25  53.8473  49.6488  97.8089  34.9763  44.6408  52.3553  15.9038  12.1981  38.6088  16.1973  44.692  13.2172  42.4041  82.1844  107.482  22.9637  43.8876  26.1732  15.595  27.6805  63.603  7.69586  20.0931  9.8356  24.3894  26.7277
0.015625 61.9441  38.3567  79.8435  23.2918  36.4719  83.1811  56.4903  48.5202  42.7869  44.5647  22.1385  12.7273  103.222  71.191  17.9514  0.00122622  30.3059  85.6961  13.6531  28.1665  14.4079  113.75  37.1424  61.9186  42.2903  50.9792  50.3461  6.41719  12.3282  40.3909  13.2837  31.0038  38.1421  7.74602  11.4803  16.0309  51.9803  67.7437  45.7015  28.5585  38.0674  93.7538  13.834  20.06  74.7885  17.5036  26.9947  5.10813  14.8781  65.755
0.015625 68.4408  24.0824  74.6944  17.6486  38.4971  62.4215  46.6871  65.7658  39.0972  91.25  37.2089  16.9996  51.6768  76.5837  18.4966  28.7875  1.77616  77.4601  13.8913  35.6447  17.6092  58.9471  51.8209  32.6379  25.4897  60.461  88.6568  18.8702  18.3018  46.8857  1.94539  25.205  31.3432  9.72109  44.7725  5.11097  22.5739  42.6922  32.6047  35.2527  35.9945  35.1897  16.0853  71.0678  42.8251  29.6555  17.0185  7.27137  33.7566  51.7285
0.015625 60.2689  23.1596  45.7159  29.1634  55.7857  24.7178  62.0648  65.7489  27.9854  58.6389  35.3509  17.953  71.2917  62.5998  27.481  27.0827  34.4888  99.4484  11.5831  34.6184  18.1116  52.5957  44.8738  23.1738  38.9917  56.2007  87.8426  39.9999  42.6154  64.7987  9.63242  13.5715  7.00671  16.25  34.9297  10.7934  48.5071  18.2754  46.1304  27.0455  70.3506  73.6453  7.66146  19.6815  51.6516  13.3921  19.0071  2.83702  14.9803  43.6085
0.015625 46.8214  21.2072  55.0311  36.83  59.2431  40.3957  22.94  58.8501  57.9147  56.095  31.5929  27.5  59.6443  66.9492  17.6714  30.4402  31.8199  59.8944  9.27238  46.587  7.66367  75.6097  45.0108  59.2276  63.148  31.6161  93.4743  38.1914  24.008  59.6628  20.8079  26.3167  43.9109  5.21598  42.6605  8.74662  2.33199  53.4102  95.7421  37.5001  19.7589  60.1442  7.08289  63.1206  103.751  10.3271  25.0415  6.68669  19.8544  49.8243
0.015625 62.8043  25.5767  53.6057  26.5784  62.0365  44.2096  65.4426  79.4135  25.2321  46.0943  29.0323  18.5652  70.7473  32.8753  27.0009  14.2487  14.1743  56.2868  17.2287  32.0237  1.15733  91.8877  34.5071  46.5559  39.3463  33.9421  54.5401  32.4944  12.4389  78.811  29.0357  30.7401  30.8571  6.80274  66.9315  13.563  37.4102  32.173  44.9907  15.2306  51.1961  76.736  14.2054  87.2465  77.7982  20.8851  16.1698  12.1691  25.8418  19.4899
0.015625 75.6518  16.5986  67.5917  30.6243  27.8526  84.0247  24.7981  65.6254  43.0054  52.5455  20.5189  3.34166  83.0925  95.057  14.1887  30.2335  19.9893  44.4359  7.38197  51.727  8.84504  99.2853  55.4477  80.4267  47.2772  69.0952  52.2141  24.4  21.5455  63.957  17.507  8.41773  16.5448  11.0449  39.1407  8.29151  38.4417  41.8905  107.534  30.5952  35.0203  81.8859  9.72648  68.4848  46.5557  15.7513  17.0805  8.16238  14.417  63.0569
0.015625 51.6074  30.4337  69.8574  25.7843  56.6903  31.5307  67.3515  64.4906  70.801  43.341  31.5342  5.10999  93.7545  107.298  29.9547  29.727  38.5654  20.4785  15.7224  53.0368  12.2182  66.5176  22.8016  48.9329  48.211  40.2935  89.9135  15.9393  14.386  54.2216  21.444  22.7686  22.8702  13.6903  88.7505  5.363  25.9482  81.7067  102.278  27.1235  49.8721  58.9058  10.8321  63.2967  58.1307  23.323  14.81  4.91754  18.8429  34.0454
0.015625 80.6729  27.8981  46.3309  46.8192  36.5753  68.3592  14.559  45.7728  48.0924  65.0894  28.8714  18.479  84.4471  92.8852  9.68155  41.2904  28.4944  101.041  21.5603  45.5962  5.21234  61.6349  54.869  60.4955  14.9923  28.439  74.4139  6.39389  34.4683  68.6637  29.4229  26.991  33.0475  14.9252  57.9597  7.15987  25.9404  38.6354  3.9857  29.9141  56.1313  53.823  6.96155  52.6802  70.2583  19.5726  25.5176  8.87637  31.4471  72.6735
0.015625 78.8173  14.3978  72.0399  15.7895  54.8817  63.2375  50.237  54.1949  66.8293  66.6132  36.6842  13.8462  73.0184  92.8553  26.3692  26.2445  23.9356  69.6773  18.7155  41.1202  12.2061  80.0254  24.7789  72.7864  47.4305  55.6226  65.9583  16.3737  49.0323  69.2509  21.7792  27.5797  19.7119  1.59347  67.3223  10.7378  30.4265  53.7622  46.5104  5.39443  78.7739  18.9239  9.51943  23.4225  81.6371  24.9748  11.5028  7.64421  15.933  68.3196
0.015625 69.4936  35.2979  80.2247  23.6047  47.564  40.9622  27.345  84.6867  34.8773  20.2302  36.4008  16.5457  61.2962  21.6582  17.2166  32.661  27.1173  39.4178  10.5468  38.7674  7.53327  92.1321  37.3623  42.2665  48.4793  88.7542  30.1858  14.0151  41.7042  80.7112  21.2838  19.4372  28.7203  11.818  67.2034  15.8992  23.3552  28.2585  76.5775  16.5277  44.02  14.9481  9.21688  42.1976  45.6355  14.3849  27.8562  9.91125  17.3943  90.1526
0.015625 35.3433  21.0094  84.2736  26.8184  30.3961  2.14363  40.5429  45.5854  45.7397  45.8568  33.4376  9.92238  106.253  79.2626  27.3375  28.5564  23.0627  108.386  16.8026  27.3313  11.7074  69.3071  49.0088  65.7939  42.8678  69.1604  65.2251  29.9742  26.5942  40.6738  31.3177  8.60838  30.4729  11.0707  15.2665  13.5192  28.8947  68.6299  22.8004  22.003  44.0547  67.7739  3.93582  51.9866  81.3721  10.8755  11.2006  9.97514  19.0932  65.0386
0.015625 64.5806  40  68.6715  42.4568  11.1615  28.4529  54.0362  53.7768  61.4437  48.381  33.125  16.2631  70.9867  60.1967  13.6135  19.93  23.4045  77.6766  11.8882  57.237  15.5787  50.9819  12.8722  35.2745  34.4505  73.5327  53.8269  23.1134  57.5001  86.2508  24.0865  23.237  40.3736  5.99003  16.1599  9.15426  28.1375  66.5428  118.463  29.0627  54.3602  48.5663  15.1589  87.5142  30.4573  13.202  19.617  4.10624  27.4037  39.7999
0.015625 85.3364  30.37  37.0636  50  45.7213  46.8543  23.7716  31.5913  26.2804  21.3922  6.73178  14.5535  60.9469  74.4565  24.6748  17.2113  20.3242  71.2891  17.6597  47.5354  16.8748  86.7522  25.9017  74.9003  30.6772  47.9161  77.5322  33.5664  31.4886  75.7863  3.94836  36.8176  4.71613  6.36624  38.3888  4.38743  27.6762  53.1171  72.9147  7.3226  33.5729  68.1762  6.3265  80.919  77.231  20.6544  13.1269  7.97962  23.174  60.7768
0.015625 21.7538  36.8725  33.7239  35.286  47.8722  45.586  11.4434  81.9866  33.3613  58.0325  16.1767  7.4498  73.5236  70.3945  18.5532  13.5499  27.775  79.2349  0.44984  35.9271  17.5913  65.5366  38.1127  42.7245  35.1396  48.7405  78.2878  16.4735  41.907  59.301  27.7747  33.2518  38.7831  12.871  88.7505  5.82257  32.9386  27.2029  77.5929  19.6421  77.0952  82.2385  10.3666  46.8285  68.3103  18.9982  11.2785  6.65721  19.3546  63.7239
0.015625 34.1248  13.7799  37.9436  21.6127  38.1818  65.9937  42.2941  63.4994  28.001  39.2287  24.8436  16.3719  87.7315  30.4443  20.6326  19.5012  34.7329  85.6295  23.75  8.33734  17.2492  84.6564  34.7802  78.2684  57.7395  30.3381  53.1627  0.27026  55.764  47.9665  12.6302  23.2177  18.0976  11.8884  54.488  15.3977  28.0522  45.5801  93.5409  31.2117  30.9026  43.2478  6.3019  95.0066  34.148  17.3845  19.3229  9.25304  22.2798  40.6366
0.015625 42.5096  34.2858  55.8715  14.9038  66.2491  100  31.3101  11.1186  60.0105  78.8921  18.2981  17.997  71.3033  53.4054  30.677  36.3615  37.8074  101.715  13.71  55.2473  11.7522  113.75  13.179  47.3633  51.1702  85.8937  65.4499  37.6783  30.9969  48.2918  25.9464  31.6994  44.6632  13.3983  63.6523  8.38806  56.2881  29.8421  59.5999  22.2291  18.7642  60.4535  9.12284  60.3224  24.5746  18.9726  20.6936  8.43892  25.0971  58.1371
0.015625 50.8265  19.6047  37.3399  19.0111  64.7488  46.6561  46.8905  37.8499  31.0343  57.2997  16.5022  4.47992  28.6253  60.3028  1.00287  34.7101  19.7333  64.8668  22.1594  53.3864  16.7561  50.1331  50.6092  47.8612  49.0247  52.5509  57.9795  27.2872  27.9057  86.2508  22.7447  32.0724  43.868  12.8156  45.8821  18.7507  37.0786  53.5805  71.0268  29.0405  63.735  71.1291  10.1805  62.4533  59.5191  21.4923  2.19096  5.62087  19.7882  72.1222
0.015625 45.9906  14.2772  14.8488  33.6966  51.7972  63.5558  37.1973  83.5076  71.25  55.6441  33.1448  13.8148  56.7888  55.2376  25.9063  46.2497  31.9335  70.8157  13.1415  52.2665  20.5901  56.1937  37.3759  82.1319  28.7212  88.7542  96.4731  14.1871  39.8008  77.3443  12.9653  40.0868  27.6892  7.41195  31.8927  10.9851  36.6596  74.1188  46.1781  13.1771  36.3877  88.361  12.3597  34.0209  50.0554  15.7344  32.373  9.9073  21.4632  59.5015
0.015625 29.9306  21.8375  44.7439  33.3982  27.2103  51.7619  21.0291  22.7675  35.2817  -3.69334e-009  26.7404  14.7263  34.0638  106.987  27.7865  16.7874  27.248  63.7006  11.0835  23.7379  9.63937  44.396  54.8245  30.6851  29.2839  60.8413  72.9245  22.1746  32.527  39.4465  27.9611  25.0395  36.7671  9.8159  39.3052  11.6736  31.547  56.1062  52.4945  3.21506  33.175  53.6776  14.1182  57.1447  34.5639  30.0032  28.4114  7.60618  22.0237  21.3063
0.015625 57.8418  27.1063  45.7878  40.8428  27.4283  64.3964  71.25  64.5442  35.1882  20.3372  10.0058  26.6236  34.4512  20.4067  31.7224  38.8543  28.1395  45.7957  14.5182  50.7751  10.8203  86.6672  40.503  86.8818  40.3285  66.2847  105.332  18.3807  31.958  53.8954  26.2173  23.0843  26.4756  14.495  50.686  10.2485  51.6328  67.3912  60.5032  37.2553  58.2195  32.709  16.2504  49.0287  102.45  20.5546  17.4627  4.81571  27.6269  76.7439
0.015625 18.5516  29.2535  40.7417  36.2864  51.7618  100  57.0171  63.6506  33.7918  59.6002  37.4508  14.8297  78.4698  89.0526  14.6016  14.5405  35.1027  63.278  16.0391  31.9442  14.171  76.3603  32.9172  29.0254  48.9574  67.4422  20.4108  35.6044  55.9342  46.1828  24.2601  26.7206  15.6553  9.4431  44.1293  2.85615  32.2234  87.8138  45.1426  31.8863  27.4125  26.9696  8.1839  55.4021  90.5724  30.0032  12.1099  9.6999  28.7123  73.8361
0.015625 61.0996  17.7555  77.6131  50  46.406  57.6992  71.25  66.9182  32.7441  42.9942  32.9521  10.1703  55.9304  94.6976  31.0647  23.5991  21.6101  63.609  18.6567  55.5857  13.0419  66.6381  47.8143  37.3797  49.9387  86.7063  100.878  19.9276  32.3146  11.6935  21.4816  29.4215  38.9948  5.41175  61.7442  7.57804  22.9747  17.9868  51.2222  26.7373  52.1371  57.3611  6.90125  59.188  45.1679  12.2476  26.4209  8.42352  15.3503  69.9803
0.015625 82.8021  9.33781  70.7478  45.8082  41.4174  71.2673  44.2101  30.9625  35.5482  49.1323  27.4769  22.0564  63.174  67.8315  20.0192  16.3964  39.194  26.3912  15.1318  33.0404  21.2463  75.9875  45.5451  19.254  31.7191  23.6566  86.5739  23.6407  37.6883  37.0389  32.3649  24.1946  23.012  12.1373  83.1332  14.9673  28.7654  68.9167  82.8125  23.4224  40.9454  71.1531  9.09132  37.4919  33.9099  11.1466  20.7175  6.23814  32.6914  75.9735
0.015625 63.6823  31.6757  58.168  31.4227  50.7412  45.8833  50.8302  23.7006  56.4637  55.7584  20.046  12.587  116.25  22.6727  7.23109  22.3407  14.874  76.0432  15.3929  50.2609  11.5974  78.2231  46.4616  73.5426  45.2733  37.884  115  29.581  35.1914  27.8047  25.8645  30.7159  18.2946  4.96154  50.8188  10.1682  43.7628  26.6901  76.7003  13.8966  43.6556  11.7683  8.39081  39.5826  11.102  12.0728  19.815  3.94852  30.7207  49.5603
0.015625 88.75  24.0476  37.4967  32.5434  21.1596  98.0841  46.7836  80.1295  71.25  42.0276  26.2445  23.8418  87.7606  60.8358  17.2484  19.2247  28.7089  92.6952  16.8827  19.7777  15.9229  25.1768  62.9995  42.898  41.0897  88.7542  85.6914  30.5699  26.9163  48.9891  21.102  23.1299  30.7895  10.3266  72.1348  9.35489  42.8593  15.4785  99.1  21.2889  16.1542  47.9507  10.2256  69.5907  73.5637  17.6891  4.54016  10.0005  4.12021  54.4049
0.015625 41.5882  37.5272  77.9014  29.2478  47.1307  77.776  68.4825  47.3499  46.6992  70.3884  19.9781  12.6668  76.4075  42.5488  11.6465  33.1233  13.1446  41.0963  6.34021  45.235  10.6327  70.7676  64.3003  50.6852  40.1386  31.4  87.1801  24.4019  57.5002  33.4071  16.176  22.5516  26.707  16.25  47.0993  7.21424  26.0295  72.3933  76.9764  7.90819  56.1332  55.3858  8.3428  72.535  62.2361  25.294  32.5109  10.8916  4.33497  69.6684
0.015625 53.9316  10.9274  45.2905  15.457  34.6696  60.7249  71.25  31.1711  59.0778  68.2563  20.9729  17.5949  62.7781  108.798  15.6852  24.7786  25.5189  24.0459  13.2423  27.9339  11.4054  113.75  54.2774  43.6478  -3.61264e-005  65.1456  61.5301  30.3018  57.5002  86.2508  21.0626  28.4947  34.8424  7.53087  50.0893  12.1402  33.1711  54.434  83.5777  25.7747  48.4108  67.5184  8.50227  44.7147  57.8074  5.04603  18.822  12.0661  22.8447  36.1584
