64
  0.015625   78.0465   9.12612   71.5123   31.9504    50.396   80.1349   36.1642   14.9157   60.8413   59.0451   24.7794   24.1269   68.3523   75.4629    19.762   11.9375   24.4378    83.218    16.424   45.5104   11.8486   77.0759   54.7505   68.8736   50.1693   65.5544    40.546    3.2641   21.0005   72.0972   15.3166   43.5782   43.1266   12.8556   77.5219    11.113   48.1434    4.3964   61.2282   20.0094
  0.015625   19.7335   37.6499   81.2561   38.4753   47.1035   16.4039   43.9877    51.075   52.4241   37.6162   23.1966   8.01596   50.8362   88.6069   6.23626   41.5552   15.3117   64.0291   19.1343   60.2019   9.67433   102.209    45.495   61.4401   21.7433   44.5301   65.5388   13.5054   36.9153   40.6051   14.3602   15.7802   28.3223   10.5154   71.9826   5.71095   42.9426   27.2746   70.9808   10.2877
  0.015625   64.2445   35.8783   32.7546   42.2694    50.001   71.7144   55.8514   32.1668   54.5024   69.9391   22.4408   9.18425   95.0856   81.1023   21.5258   15.4205   27.7033   57.4243   16.9098   57.9072   13.6341   67.1545   7.44241   35.0443    33.746   70.8827    105.94   21.8656   20.4695   80.1312   5.82662   9.89863    28.702   15.4332   78.2714   11.8503   44.2004   44.7597   97.7395   1.13899
  0.015625   77.2834   15.1118    69.857   30.5042   54.2229   64.7525   36.0034   53.0417   31.8334   81.5764    32.689   17.8029   95.0123   71.1206   26.1253   18.2787   21.9735    84.054   18.4444   42.7746   10.7548   73.3426   14.3632   71.4946   4.20269   62.5257   14.5923   21.6072   35.1657   68.9269   30.1725   37.3142   26.1949    11.686   40.6877   7.38315   56.0438   70.8476    68.229   18.4017
  0.015625   66.0117   33.1788    30.188   27.4607   37.5264   68.7649   22.1719   44.9582   50.5954   82.2592   4.22609   12.5001   35.3165   76.7575   17.1952   25.7119   33.8325   110.326   11.4006   28.5844   8.87122   79.4497   52.7325   38.2738   11.1624   27.6374   59.3655   25.1925   38.1928   73.7278   29.9209   18.1747    29.925    7.8071   45.5191    15.757   22.6058   54.8244    79.598   34.9057
  0.015625   44.8696   26.9805   70.9374   23.5819   60.0165   29.3359   23.6248   80.2888   32.4182   44.8505   38.4136   21.8084   52.7949   115.375   26.1201   23.6877    22.652   53.0269   19.4068   57.6957   14.8982   60.8032   53.8624   53.2531   54.0103   62.7426   75.2126   32.4853   32.8194   77.7866   9.08826   4.95644    19.313   7.42066   59.0498   12.0523   51.6301   37.9534   53.1708   28.0924
  0.015625   38.7963   22.8997   16.0934   41.6494   56.8183   51.0512   21.9931   40.0313   36.5246   71.2159   32.1959   12.1649   46.4103   40.6295   11.9493   35.1615   32.4594   42.6564   16.4871   55.0608   14.1642   48.6544   53.3049   71.1595   40.0253   48.3357    57.622   8.40709   45.9272   57.9965   19.7889   34.2944   19.2713   13.8899    43.058   17.2216   53.0426   67.9291   40.4777    36.456
  0.015625    62.976   12.4915   75.8278   39.2528   64.1058   92.6601   63.2136   59.1665   19.7828   59.1794   11.2333   14.9812     60.71   94.2075   20.0091   18.8274   32.6145   54.2226   10.6669   51.1776   12.6347   90.7219   43.3504   66.9293   30.2284    39.341   27.2313    29.534   15.8334   68.0351   24.1846   27.6586   22.9333   12.5087   60.2419   13.2162   47.9805   67.9169   112.617   34.5211
  0.015625    16.978   13.2094   46.6726   32.0092   35.4638   71.3085   48.4195   77.0251   47.8209   39.0357   24.1782   16.9796   27.7601   50.7453   31.9088   13.8957   8.68351   58.4273   20.8583   42.3213   20.0721   83.2543   37.6754   22.5865   66.0604   38.9068   78.0472   26.2976   32.3991   44.0103   16.8767   11.4132   40.2143   15.6282    67.261   16.5204   41.1413   60.2117   61.7158   30.1162
  0.015625   68.2847   31.5674   7.04198    38.429   51.3548   31.1361   31.7095   64.5888   67.2564   64.8743   10.5392   13.6761   62.1111   78.4284   18.8449   26.7278   31.2882   37.1629    17.789   48.7012   15.3727   30.5822   13.4192   35.5573   52.5777   15.1196   42.2192   31.1208   49.3716    46.418   28.3198   34.5147   30.0513   12.6114   47.6165   10.9891   40.9495   29.0757   54.4181   28.4602
  0.015625   44.1996   17.3537   89.3473   34.9425    19.677   94.0684   43.1938   38.0934   34.3917   47.2128   14.5164   5.13581   72.5907   67.8637   32.1743   13.0328   30.8949   19.0996    5.5147   35.2139   7.13551   24.7176   29.3269   87.0773   43.5338   75.7774   39.5569    32.394   30.7393   41.7358   13.1083   35.5796   36.7843   12.5261   71.7378   9.20663   49.5045    20.745   93.8905   19.8369
  0.015625   82.8181   13.3476   51.5208    27.721   11.6142   33.5453   54.2831   77.5936   22.9435   76.2226   16.8951   17.8375   79.1143   29.0633   17.9075   28.9224   20.8291   75.2507   17.3877   44.0454   18.2869   46.8835   29.8401   7.74739   38.1862   82.1711    55.728   13.7829   41.6628   60.4705   13.9821   32.6943   35.2979   12.1082   79.2934    1.9261   37.5629   81.4813    101.25   24.2768
  0.015625   51.3938   14.8356   44.8899   43.8464   37.3288   67.8173   51.3401    64.346    39.237   36.2541   32.0099   23.7912   58.4574   72.3212   29.8462   44.9683   31.5696   72.8111    17.219   33.3185   6.35522   71.1784   56.7899   88.4456   47.1194    65.623   83.5832   31.2176   34.6939   59.0995   15.4987    20.463   1.73004   7.08408   50.7618   6.97551   36.1387   49.9934   50.3039   29.7663
  0.015625   67.0205   23.7916   53.5163   31.9375   34.4648   49.1034    41.035   67.8508   37.2876   60.9731   18.2392    16.596   44.2077   53.0721   10.4756   1.56166   13.0499   13.7244   11.5658   33.1827   1.59809   21.2017   59.5921   68.0724   44.8758   53.1033   30.5249   31.8686   40.0345   62.3457   24.4102   31.8729    24.413   8.44705   49.6835   10.7021   36.2167   82.2478   59.1889   24.9397
  0.015625   61.4419    34.475   93.7321   26.3591    25.977   52.9727   13.3839   64.5746    27.422    59.455   36.4166   17.0374   106.765   98.6515    20.965   32.0723   21.3515   41.4618   4.86875   62.5067   14.5545   57.7238   23.0312   82.0675   28.3833   15.6858   79.1962   28.0601   44.7656   51.7321   8.89312   15.2723      38.4    13.831   57.0494   10.2734   27.2518   54.5496   109.436   23.2247
  0.015625   67.5255   19.2891   52.6092   23.3413   19.8313   33.2481   39.5557   67.1268   8.20797    57.891   41.2996   20.9223   104.031   39.5311   21.3586   12.5665    14.622    44.558   18.1277   40.6639   15.2655   94.6824   60.9556    43.012   42.7779    58.571   92.4996   23.0871   26.2154    57.279   26.7851   12.3812   15.2191   6.10073   57.6117   11.0623   48.0755   42.5121   105.141   30.2067
  0.015625   14.7956   31.7892   49.2616   27.2029    47.459    97.192   50.2141   42.2266   42.1791   23.6783   40.6541   19.8623   54.3338    112.91   22.6667   10.0165   37.7767    76.882   15.4382   13.0165    7.4139   75.2095   48.0877   20.5992   23.3783    49.919   86.4423   21.0935   18.4289   33.7018   22.7691   32.4502   16.8058   9.79536   70.6945    12.532   42.9363   63.8466   39.3938   26.2809
  0.015625   49.9134   22.5142   48.6274   8.93068   24.4083   91.8056   66.7318   78.3962   63.0282   82.1504   44.3354   13.6679    77.993    90.977   11.8363   18.6362   16.8485   107.494   17.1044   34.9955   12.1962   84.5513   21.5574   42.3021     41.97   70.9643   56.5163   25.3839   40.1453   11.0506   20.1709    33.074   38.6702   7.90225   80.6781   10.1034   33.8908   48.7224   100.479   33.2125
  0.015625   68.7924     21.64   53.1058   31.0428    42.111   62.7211   58.4702   43.2459   29.9153   65.2432   21.0585   16.7571   73.8894   80.2079   31.0206   30.2771   12.6503   103.946    14.952   36.6682   16.2796   90.7481   49.3201   59.3206    24.995   69.6541   99.0306   32.2945   14.3712   35.6788   13.7232    25.243    17.882   5.86969   56.8434   15.6092   25.9889   26.8203   70.3313   27.1393
  0.015625   42.4777    13.788   69.3129   38.0546   60.4945   47.4761    66.149   48.5402   34.7024   52.3705    23.552   17.9808   49.8388   55.8956   32.5149     45.61   27.7363   25.6508   15.9643   20.5152   16.6578   44.5484   33.5693   65.3778   40.3238   37.0677    31.133   17.5728   29.6208   32.1345   18.6178   29.2238   34.5964   4.04268   33.8116   12.2343   13.7021   73.6059    107.27   20.8126
  0.015625   22.0913   25.0247   66.3114   37.0522   23.4274   28.2877   60.3089   65.7954   27.8509   14.3144   39.4612   15.6787   22.1699   77.4009   16.8697   11.2225   25.2796   77.4483   4.30899   25.4315   7.73843   94.3691   23.2507   58.8953    49.282   62.6302   49.1253   18.8188   38.8828   68.3399   31.6718   26.6718   39.1351   2.65407   59.2935   11.5462   29.3222   42.6915   72.0957   24.0369
  0.015625   60.4096   28.6988   70.2427    36.429   55.1863   70.1651   42.9172   18.1196   16.4315   62.2244   34.0414   12.6424   76.5189   42.3252    22.132   43.7302   1.48858   56.7131   12.9379   41.8305   12.4917   37.8696    14.651   75.9033   54.1483   63.5923   45.0569    32.078   50.1762   51.9902    20.206   27.3955    26.687   7.66838   6.54916    14.761   30.3055   5.53387   46.5503    19.293
  0.015625   38.0147   27.3016   84.2529    36.558   21.0142   85.6127   53.9202   56.1447   39.0525   28.4885   28.4543   10.3191    63.941   49.0072   24.1989   40.2782   23.3392   91.8957   5.69372   31.5617   16.9502   24.2246   64.2631   42.7899   2.53297    68.155   71.1775    16.899   37.6219   26.5264   21.7361   36.3599   17.2477   8.71048   39.2801   7.70572   20.6168   62.6319   89.0072   19.2437
  0.015625   73.3261   31.4113   49.4012   34.6715   18.2519    82.746   38.0719   66.4443   48.7195   67.6145   8.62301   18.3326   64.6305   72.3068   17.6166   34.9396   32.1414   108.779   19.2578   49.3213   15.7779   75.5833   36.6955   58.5942    14.068   28.7955   93.9955   21.5482   33.8134   69.6116   17.7152   19.8384   7.34984   3.36938    48.434   8.64948   49.3233   41.7903   92.2306   12.6615
  0.015625   76.5549   16.4685   49.8122   41.5287   47.1821   57.1357   56.7931   54.9103   55.2106   77.0818   32.5421   21.9697   67.7968   31.9538   16.3201   37.8052    28.243   48.7919   7.52353   56.8212   10.9029   102.706   22.4071   47.7677   62.0019   77.1495   86.7141    13.348   55.8733   79.7167   14.8339   13.7188   4.39981     7.207   41.5905   12.4731    22.431   65.3239   59.4844   35.7241
  0.015625   13.5471   14.7539   21.3783   40.7796   59.0444   64.1577   41.7561   74.5735   49.4973   81.3315   41.6537   27.1002   25.7245   26.5519   8.25356   24.6365   26.6377   95.5329   18.4761   50.0774    17.661   66.8206    25.139    64.958   53.2081   33.3018   74.1876   29.3743    39.186   69.9432   16.3978   8.60182   31.1132   14.1644   70.9789   9.95746    25.796   43.3294   32.1739   16.7669
  0.015625   37.2153   21.8423   68.0192   13.9712   51.0101    30.425   68.4186   20.1845   40.1049   45.5747   39.9913   4.53117    13.865   37.1713   33.3819   36.9464   21.8929   34.2058    21.409   21.8774   17.1579    64.004   41.7721   75.3586   20.4857   42.5411   56.7335   36.6644   38.6701   21.4811   17.6589   29.2592    30.563   6.67268   24.9884   16.1579   28.9714   50.9666   72.5983   11.4113
  0.015625   26.6745   17.9553   87.9697   40.6773   10.4946   50.4396    2.4889   73.2118   43.1917   66.8827   26.2564   16.3415   71.2298   81.8791   28.3874   24.8698    26.225   74.1641   16.7825    67.673   12.3589      97.1    41.195    63.278   37.0582    68.489   107.925   25.6767   34.2185   44.7788   28.0142   34.8102   19.5099   15.3792   50.9642   10.2071   43.0581   40.9108   60.4079   27.7952
  0.015625   32.8982   10.0523    68.189   39.5859   48.6832   37.8445   57.8351   74.5099   56.7427   44.4853   16.4146   14.3838   32.4822    67.307   25.8452   31.3267   32.3134    107.07   6.96376   56.1948   7.00823   70.2456   53.4187   60.8669   36.8679   51.1654   52.8804   31.3893   44.7868   37.2456   21.4941   38.0541   24.7534   11.8567   76.0314   2.63313    39.753   63.8538   63.5294   13.4079
  0.015625   50.2126   13.2882   67.9798   29.7728    63.562   87.3058   6.32269   75.8657   46.4899    53.416   13.6946    18.023   92.0273    77.886   11.1344   33.7437   19.9467   71.5321   17.9078   51.2026   4.96681   61.8608   50.2162   56.6291   25.3458    71.956   89.7526   24.5878   39.8041   40.5929   3.31386   41.7476   28.6901   10.7321   59.7791   17.7063   40.5483   75.4881   82.9202   33.7731
  0.015625   63.9913   20.3228   64.0186   32.4769   50.2381   74.1395   42.2412   34.8575   70.0016   56.2741   22.1583   13.1208   60.7478   38.0706   25.8208   33.2822   31.9668   88.4845   12.6053   58.0099   11.9973   52.9087   37.0074   26.4273   62.7046   34.7873   67.0741   10.9223    36.493   33.2675   22.1612   33.2633   39.1491   2.91516   43.2381   15.4711   50.5146   67.6249   78.1198   16.4375
  0.015625     35.13   6.18882   73.7883   43.9194    34.195   80.3424   49.7396    26.692   56.4768   74.4936   25.4928   2.10516   38.1343   101.667   12.2315   36.9346   38.1575   82.2779   16.0169   54.4096   17.9901   88.3267   60.1106   78.4137   41.2804   66.5086   69.3724   33.3429   41.1617   34.5406   25.0803   18.2953   40.6341   6.69833   23.0974   14.0368   44.6292   39.4824   46.0848   32.2605
  0.015625   71.9081   23.5949   61.5225   25.8399   51.9648   53.9539   52.4917   40.0136   61.0757   85.8173   30.5133   20.9795   3.52844   73.9505   29.2431   32.9964   18.3777   63.3968   7.62779   31.9807   20.9722   84.6439    51.938   67.6339    37.498   75.4866   105.412   34.8102   31.0154    39.857   12.5265   37.1638    18.325   15.7769   37.1445     3.295   59.2738   41.6376   25.7577   30.6106
  0.015625     59.89    8.4686   26.6382   41.1029    57.263   75.9112   39.1434   33.1455   44.0828    50.178   35.7156   26.7715   99.0925   68.2456   29.2636   32.0159   23.9124    81.049   6.32504   14.8239   16.8715   74.0024   48.6261   19.7717   39.7127   28.4209   63.6981   35.4804   48.8878   55.0051   31.1524   32.0377   34.4279    13.972   60.6733   15.9358   37.5152   38.5665   56.6919   29.1273
  0.015625   56.9824   28.6008   36.2991   28.7132   36.5324   34.7771   55.6144   34.4461   44.9814   31.6805   36.7734   24.6444   79.8066   47.1106   14.9907   24.6546   36.2552   39.9446   15.5645   63.3101   9.27235   103.728   56.5523   83.1077   45.6848   20.0446   51.3855   35.8873   35.5458   43.7124   26.7125   41.0218   27.3275   6.75128   65.9646   8.12456   48.8755   45.8766   100.966   29.1335
  0.015625     35.98   12.1033   37.9263   17.2866   58.7364   76.5344   63.9162   75.6006   42.2304   85.2183   12.4842    24.828   53.3475   36.2296   18.5237   16.7244   30.9532   40.2822   5.81989   42.1742   6.01487   26.7602   50.2299   45.9528   63.0406   83.5364   77.5353   26.3967   47.2469   28.3183   9.61604   33.0172   10.1059   6.39339   53.5875   18.6211   38.2727    14.247    74.249   28.8524
  0.015625   69.0469   33.3671   74.6714   25.6361   53.6737    94.436   54.7986   75.4712   37.6044   82.9252   25.9788   16.0963   101.465   3.85188   22.0311   39.7989   14.3567   84.7821   16.5331   51.5672   5.45485    43.738   44.0289   29.8732   27.6246    50.446   79.3795   31.8059   38.3272   46.6722   29.9555   27.8374   31.4324   8.13277    85.657    18.139    57.265   69.3805   22.2972   21.3681
  0.015625   30.9823   27.7735   74.0291   29.3984   28.6936   85.2118   31.9591   57.3519   41.6146   30.8741   33.4898   12.2568   78.9698   69.8239     29.39   17.0425   37.2822   62.1479   19.1275   43.3569   3.42861   62.0969    45.407   65.3271   63.8455   73.2629   83.4805   20.8688   43.8546   78.1229   14.6471   25.2931   42.6986    10.873   3.07725   13.7448   13.4753   23.3035   95.4768   24.3163
  0.015625   68.5383   6.58613   81.2287   31.5563   49.3006   74.2924   46.5135   70.4302   44.6047   11.6543   16.8301   25.5421   63.3733   97.3301   7.16689   33.2981   5.90804   90.3787   8.63982   24.6062   13.1746   99.4026   45.1464   66.2116   43.4907   71.0286   58.7611   19.9742   54.3929   36.5955   27.0361   12.7828   20.2812   11.1196   55.7101    6.9893     28.77   24.7791   97.0249   27.6643
  0.015625   18.8684   10.4478   69.6289    41.937   45.1097   42.5174   40.2328   82.3908   57.6486   63.2426   33.2173   4.60161   113.229    91.928   20.1408   14.3802   25.8252   22.7288   14.7898   9.44903   15.4279   79.3963   41.5442   70.7835    41.565    42.828   46.9819   26.9838   27.0463    66.505   31.3645   26.2675   18.1328   14.0982   64.6556   13.6076   43.3569   53.9691   86.2017   13.2673
  0.015625   39.5615   24.1354   67.7327   16.1173   48.1195   49.6239   38.5044   31.1998   61.5811   65.8019   32.8597   25.9946   73.8286    88.858   4.71187   37.1108   22.2083   58.5453   15.4084   27.3019   14.1733   47.9457   36.0715   80.2241    42.932   43.0734    97.415   24.1185   38.1206   61.1854   31.7786   30.6296   45.5482    6.8406   66.3326    13.915   17.4584   58.6863   63.9961   29.5037
  0.015625   47.1403   32.7664   63.7381   46.2161   33.0589   75.8959   48.1368   27.1114   67.5119   68.2563   20.6461   15.8263   85.8162   36.8251   11.5517   30.0856   15.3193   72.6364   17.5399   13.6908   11.2703   95.9148   22.7604    67.384   31.6935   24.5794   101.892   28.8637   26.5175   43.9229   22.5894   25.5119   25.0875   10.0932    81.826   5.38338   47.5992   54.5637   78.2174   33.8506
  0.015625   58.5796   27.5809   85.8761   15.0325   39.5973   57.5645   58.8373   83.3413   63.2075    39.436   12.5844   18.6858   46.6449   112.175   12.6828   28.5218   23.0996   71.1423   16.6515   53.6936   12.3466   65.1256   49.5845   32.9276   56.9217   66.4413   6.47173   35.0851   54.0722   84.1554   12.4287   34.6098    33.338   10.1153   29.9366   16.9578   41.3423   28.2989   31.6225   28.7615
  0.015625   45.5298   32.9589    67.255   24.0839   41.1629   81.8706   9.48777   26.2261   50.4258   47.6214   21.3424   22.9863   43.3039   92.9027   20.0383   12.2269   12.1527   20.2256   19.2825   71.9181   13.5567   86.0669   33.0463   76.2737   39.4863   49.8032   62.1061   16.0574   40.6738   20.1592   26.2701   23.6699   14.9012    9.7598   49.2217   14.4259   34.5627   64.3581   87.1176    14.454
  0.015625   79.6865   5.32742   16.8216   49.1524   42.5189   56.0534   12.8214   9.37352   35.3294   69.9147   27.1017   23.6877   45.4066   101.697   20.6835   15.8178   24.1877   69.9938   21.1319   65.6309   8.04995   82.2146   32.2705   49.6452   42.7592   85.9827   89.7278   19.6466   46.6531   35.8966   17.2083   36.0211   40.4635   9.32834    75.432   14.7871   2.20182   67.4049   89.3382   21.9278
  0.015625   72.4625   33.5109   61.4281   36.9999   32.3761   74.1252   20.8588   51.2791   39.9032   71.8182   34.6141   13.4322   42.2338   97.6961   23.6145     17.22   20.4617   98.4257   12.1628    58.624   4.64173   97.8319   18.4804   71.3771   48.6283   50.4894     26.27    38.411   18.6925   71.4283    12.984   20.1338   20.6604   10.8365   66.9157   16.4018   17.9907   46.7246   99.3346   32.4808
  0.015625   63.7379   16.9606   65.1512   25.4646   52.7434   21.3507   65.0355   15.7159     57.85   85.5355   28.6835   24.4974   84.8359   89.5403   16.6701   35.4851   29.9735   103.231   10.3852   37.5659   4.85663   67.2872   37.0479   85.7255   26.7495   74.3379   107.005   22.2922   41.5134   63.6134   19.9524   4.16292   38.7744   14.7166   42.4998   10.1006   44.9695   46.3618   44.9082   29.7233
  0.015625   81.4659   34.8731   52.7381    38.615   53.7878   24.5981   21.4946     69.74   17.6461   63.6484   11.7258   10.6871   82.3884   77.9292   17.9676   24.6893    7.0504   95.0066   7.19918   59.1783   10.8587   77.0024   65.3323   46.4677   29.2688   33.6328   76.5041   31.8427   51.3594   47.9111   20.0409   21.3541   34.9963   9.09659   31.3358   14.8466    30.329   45.6077   80.6416   4.45067
  0.015625   75.8577   1.36679   71.6972   32.3025   11.0544   78.0064   31.7616   23.3489   33.0544    65.827   31.7564   24.2835   63.3903   106.473   13.2682   26.2612    19.687   55.5645   13.2426    70.402   9.58617   41.4294   53.3853   38.8767   34.7542   29.4807   68.6026    10.089   23.1812   22.1228   23.1225   12.9605   29.8104   5.13431   63.1583   12.4446   43.5624   55.5641   34.6136   15.1204
  0.015625   38.4076   15.5086   35.5844   31.7956   40.8733   61.7451   67.4071   68.8718   13.0279   42.4473   15.7839   16.5318   91.9795   94.9292   27.0356   13.1903   10.8913   100.038   17.9336   54.1026   19.0069    21.564   24.9652   49.1032   40.8804   57.4438   99.8128   21.0112   13.9368   68.5008   21.4016   21.8789   42.2037   1.36634   76.9728   13.7614   48.5688   34.0058   75.7801   20.9062
  0.015625   66.2639   3.81815   42.6862   34.8195   46.4186   71.5749   59.7941   76.3215   50.7208   87.2664   28.3172   6.46603   101.584   66.9295   15.8697   22.0712   38.3702   31.7862   6.38169    55.732   12.7806    55.192   43.9294    44.327   49.2318   36.6197   48.0464   18.0139   34.2977   64.5868   19.4476   27.5382   32.4603   14.2262   66.5194   8.22037   19.3374   40.3156   95.3478    11.452
  0.015625   48.0815   20.2485   55.4601     25.44   46.2743   72.4435   26.8625   38.3903   53.8619   57.5329   24.5422   9.02898   86.4958    98.935   13.0185   22.7484   31.4976   23.9804   14.2964   6.06836   18.8624   76.1853   46.6655   23.2814   64.7928   72.9285   96.7682   33.7976   33.7425   25.5679   28.9653   24.8998   44.8018   5.04345   25.2587   5.14079   36.6486   28.8619   28.3681    31.976
  0.015625   66.7682   16.1493   18.3375   24.9985   35.8324   43.3823   19.9675   29.5776   16.6104   53.0223   40.9221   15.1233   39.4709   87.0865    28.724   4.85103   31.1256    70.055   13.0863   49.1013   8.90888   88.4916   53.0912   64.7721   50.7314   54.6659   94.4478   18.4476   27.6022    59.561   27.4119   32.4194   13.7484   6.78326   47.6064   14.0926   28.3955   35.1547   52.9429   30.8783
  0.015625   70.8453   26.3196   49.6185   12.1323   46.3458   55.1118   17.1168   76.5931   64.2955   39.9206   36.9544   10.1936   23.4322    34.853   31.7482    9.6857   19.1515   66.0405   11.6147   28.5632   16.0882   34.4234   33.2587   40.7788   22.0246   59.2114   48.5661   30.2544   19.7521    81.478     9.469   23.3032    17.595    10.944   64.1444   1.55275   55.4584   62.0552    76.526   14.0173
  0.015625    28.921   11.5916   41.9083   34.2113   30.1947    61.155   42.8631   43.4221   43.2641   27.7035   21.2514   17.7003     71.72   65.2676   1.20505   28.0001   19.4052   115.038   22.3999   47.0727   9.57026   51.0714   49.2257   54.7565   49.7269   64.1031    48.911   28.3253   39.2892   82.1808   27.6955   39.2799   31.8178   13.9269   16.5339   5.09804   16.3525   55.0542   54.9582   26.7869
  0.015625   56.1723   21.0921   82.5057   33.0491    49.654   50.7603   69.9909   28.3704    42.598   84.6942   34.4162   23.0311   76.7795   87.4636   29.3756   23.9645   36.1451   87.3812   12.0348   44.9742   20.6658   47.2334   63.7746   63.8007   68.0385   48.3528   92.4319   28.3139   46.7685    55.495   21.8854   19.8136   32.7126   5.98773   72.6642   18.2229   22.2905   71.9462   103.701   32.2047
  0.015625   63.2303   22.0849   59.3854   44.9079   29.0281   73.7332   66.4086   46.4222   20.6472   62.4544   43.2184    14.874   71.9772   53.5022    15.258   11.6755   34.3383   68.6544   21.7957   27.5906   15.4739   60.9816   36.6012   19.9714   32.3842   25.8054   55.2352    16.045   53.5956   33.6359   25.9762   18.0332   31.0828   11.5936   53.4469   15.4363   36.0612    58.153   98.5453   3.00133
  0.015625   68.0314   14.1115   53.5738   25.1604   34.2676   80.9591   51.7102   45.7875   39.5159   33.4802   8.55615    19.209   37.1157   79.7955   26.9762   17.2923   16.3276   64.1545   17.2592   55.0423   13.1619   82.6768   22.6354   74.4843   18.0944   70.1915    104.21   18.3955   16.8125   45.6773    29.057   19.5532   30.6084   8.43935   28.6254    11.698   54.2745   51.8101   56.4063   17.3308
  0.015625   65.0026   34.7877   70.7562   28.8447   33.8115   35.3863   62.5791   29.0668   45.9855   3.32596   14.0441   14.8031    44.367   56.9464   14.6435   31.7032   39.6247   82.9111   2.95444   62.8273   9.95561   11.8379   40.0621   72.2381   19.6299   32.3143   61.2526   24.6035    36.722   31.2204   6.93113   27.4544   33.4607   8.80448   51.8323   4.84732   38.0637   53.8147   91.1052   27.6902
  0.015625   54.2471   24.4492   58.5193   39.7387   45.4776   53.8601   29.9742   71.5096   66.7702   54.9909   31.1486   18.8385   92.8909   28.5852   26.2915   18.1384   33.4325   70.1515   8.30439   69.2597   14.8133   15.7378   46.0491   60.4505    9.6561   24.7757   113.463   22.4333   40.7629   24.8246   18.8923   5.24769   33.6824   5.10281   30.0929   3.04995   31.0351   70.3147   82.6411   35.6894
  0.015625   28.3787    9.7356   70.9992   7.15964   35.7902   68.8659   47.5802   48.4104   64.1562   37.3688   26.9863   8.56239   91.1849   51.1067   26.2076   27.1098   13.4313   79.2625   14.4022   66.2461    8.4546   55.3822    27.073   48.1018   45.3402   44.1007   67.9404   19.4071   20.0788   64.6976   19.1803   31.1858   13.4277   9.18862   54.7541    13.361   37.4555   25.8782    52.827   25.4847
  0.015625   73.0337   33.9492   63.9691   33.4705   42.4745   95.1802   53.7671    52.004   64.8016   38.1248   43.0236   16.0261   94.0186   86.7021   14.9343   20.7567   31.0589   34.3143   11.4108   67.4413   15.0012   79.1199   34.3669   45.5111   46.1773   61.0229   65.2859   15.1721   28.7119   40.1808   27.0428   27.9559   39.4375    9.9513   76.7573   12.7408   26.8001   41.1987   51.6751   16.0945
  0.015625   45.8564   17.6947   23.1133   30.8518   30.2919   3.57563   63.2796   61.0998   59.2992   20.5633   22.5711   12.4396   84.6822   109.823   26.6019   37.0341   19.0648   59.8341   16.0912   44.1245   9.45868   55.0461   37.1597    15.165   55.0911   65.8049   79.5361   4.48526   10.2911   48.5824   29.8238   34.8708   39.2366   10.8189   43.9033   10.5257   44.7193   77.4504    19.454   35.5455
  0.015625   8.61901   27.1367   57.0049   46.8447   44.7951   67.8262    60.932   57.4699   15.9057   40.9731   30.3256   25.3315   77.2557   63.6729    24.768   17.8149   26.9868    46.266   22.6223    64.974   13.0501   82.7764   42.2196   56.4732   9.27329   54.5619    79.825   27.3221   53.0837     47.49   16.1042    42.742    9.8373   14.5515    26.398   11.6153   49.8146   81.7461   41.1064   32.6982
