16
    0.0625   78.0465   9.12612   71.5123   31.9504    50.396   80.1349   36.1642   14.9157   60.8413   59.0451   24.7794   24.1269   68.3523   75.4629    19.762   11.9375   24.4378    83.218    16.424   45.5104   11.8486   77.0759   54.7505   68.8736   50.1693   65.5544    40.546    3.2641   21.0005   72.0972   15.3166   43.5782   43.1266   12.8556   77.5219    11.113   48.1434    4.3964   61.2282   20.0094
    0.0625   19.7335   37.6499   81.2561   38.4753   47.1035   16.4039   43.9877    51.075   52.4241   37.6162   23.1966   8.01596   50.8362   88.6069   6.23626   41.5552   15.3117   64.0291   19.1343   60.2019   9.67433   102.209    45.495   61.4401   21.7433   44.5301   65.5388   13.5054   36.9153   40.6051   14.3602   15.7802   28.3223   10.5154   71.9826   5.71095   42.9426   27.2746   70.9808   10.2877
    0.0625   64.2445   35.8783   32.7546   42.2694    50.001   71.7144   55.8514   32.1668   54.5024   69.9391   22.4408   9.18425   95.0856   81.1023   21.5258   15.4205   27.7033   57.4243   16.9098   57.9072   13.6341   67.1545   7.44241   35.0443    33.746   70.8827    105.94   21.8656   20.4695   80.1312   5.82662   9.89863    28.702   15.4332   78.2714   11.8503   44.2004   44.7597   97.7395   1.13899
    0.0625   77.2834   15.1118    69.857   30.5042   54.2229   64.7525   36.0034   53.0417   31.8334   81.5764    32.689   17.8029   95.0123   71.1206   26.1253   18.2787   21.9735    84.054   18.4444   42.7746   10.7548   73.3426   14.3632   71.4946   4.20269   62.5257   14.5923   21.6072   35.1657   68.9269   30.1725   37.3142   26.1949    11.686   40.6877   7.38315   56.0438   70.8476    68.229   18.4017
    0.0625   66.0117   33.1788    30.188   27.4607   37.5264   68.7649   22.1719   44.9582   50.5954   82.2592   4.22609   12.5001   35.3165   76.7575   17.1952   25.7119   33.8325   110.326   11.4006   28.5844   8.87122   79.4497   52.7325   38.2738   11.1624   27.6374   59.3655   25.1925   38.1928   73.7278   29.9209   18.1747    29.925    7.8071   45.5191    15.757   22.6058   54.8244    79.598   34.9057
    0.0625   44.8696   26.9805   70.9374   23.5819   60.0165   29.3359   23.6248   80.2888   32.4182   44.8505   38.4136   21.8084   52.7949   115.375   26.1201   23.6877    22.652   53.0269   19.4068   57.6957   14.8982   60.8032   53.8624   53.2531   54.0103   62.7426   75.2126   32.4853   32.8194   77.7866   9.08826   4.95644    19.313   7.42066   59.0498   12.0523   51.6301   37.9534   53.1708   28.0924
    0.0625   38.7963   22.8997   16.0934   41.6494   56.8183   51.0512   21.9931   40.0313   36.5246   71.2159   32.1959   12.1649   46.4103   40.6295   11.9493   35.1615   32.4594   42.6564   16.4871   55.0608   14.1642   48.6544   53.3049   71.1595   40.0253   48.3357    57.622   8.40709   45.9272   57.9965   19.7889   34.2944   19.2713   13.8899    43.058   17.2216   53.0426   67.9291   40.4777    36.456
    0.0625    62.976   12.4915   75.8278   39.2528   64.1058   92.6601   63.2136   59.1665   19.7828   59.1794   11.2333   14.9812     60.71   94.2075   20.0091   18.8274   32.6145   54.2226   10.6669   51.1776   12.6347   90.7219   43.3504   66.9293   30.2284    39.341   27.2313    29.534   15.8334   68.0351   24.1846   27.6586   22.9333   12.5087   60.2419   13.2162   47.9805   67.9169   112.617   34.5211
    0.0625    16.978   13.2094   46.6726   32.0092   35.4638   71.3085   48.4195   77.0251   47.8209   39.0357   24.1782   16.9796   27.7601   50.7453   31.9088   13.8957   8.68351   58.4273   20.8583   42.3213   20.0721   83.2543   37.6754   22.5865   66.0604   38.9068   78.0472   26.2976   32.3991   44.0103   16.8767   11.4132   40.2143   15.6282    67.261   16.5204   41.1413   60.2117   61.7158   30.1162
    0.0625   68.2847   31.5674   7.04198    38.429   51.3548   31.1361   31.7095   64.5888   67.2564   64.8743   10.5392   13.6761   62.1111   78.4284   18.8449   26.7278   31.2882   37.1629    17.789   48.7012   15.3727   30.5822   13.4192   35.5573   52.5777   15.1196   42.2192   31.1208   49.3716    46.418   28.3198   34.5147   30.0513   12.6114   47.6165   10.9891   40.9495   29.0757   54.4181   28.4602
    0.0625   44.1996   17.3537   89.3473   34.9425    19.677   94.0684   43.1938   38.0934   34.3917   47.2128   14.5164   5.13581   72.5907   67.8637   32.1743   13.0328   30.8949   19.0996    5.5147   35.2139   7.13551   24.7176   29.3269   87.0773   43.5338   75.7774   39.5569    32.394   30.7393   41.7358   13.1083   35.5796   36.7843   12.5261   71.7378   9.20663   49.5045    20.745   93.8905   19.8369
    0.0625   82.8181   13.3476   51.5208    27.721   11.6142   33.5453   54.2831   77.5936   22.9435   76.2226   16.8951   17.8375   79.1143   29.0633   17.9075   28.9224   20.8291   75.2507   17.3877   44.0454   18.2869   46.8835   29.8401   7.74739   38.1862   82.1711    55.728   13.7829   41.6628   60.4705   13.9821   32.6943   35.2979   12.1082   79.2934    1.9261   37.5629   81.4813    101.25   24.2768
    0.0625   51.3938   14.8356   44.8899   43.8464   37.3288   67.8173   51.3401    64.346    39.237   36.2541   32.0099   23.7912   58.4574   72.3212   29.8462   44.9683   31.5696   72.8111    17.219   33.3185   6.35522   71.1784   56.7899   88.4456   47.1194    65.623   83.5832   31.2176   34.6939   59.0995   15.4987    20.463   1.73004   7.08408   50.7618   6.97551   36.1387   49.9934   50.3039   29.7663
    0.0625   67.0205   23.7916   53.5163   31.9375   34.4648   49.1034    41.035   67.8508   37.2876   60.9731   18.2392    16.596   44.2077   53.0721   10.4756   1.56166   13.0499   13.7244   11.5658   33.1827   1.59809   21.2017   59.5921   68.0724   44.8758   53.1033   30.5249   31.8686   40.0345   62.3457   24.4102   31.8729    24.413   8.44705   49.6835   10.7021   36.2167   82.2478   59.1889   24.9397
    0.0625   61.4419    34.475   93.7321   26.3591    25.977   52.9727   13.3839   64.5746    27.422    59.455   36.4166   17.0374   106.765   98.6515    20.965   32.0723   21.3515   41.4618   4.86875   62.5067   14.5545   57.7238   23.0312   82.0675   28.3833   15.6858   79.1962   28.0601   44.7656   51.7321   8.89312   15.2723      38.4    13.831   57.0494   10.2734   27.2518   54.5496   109.436   23.2247
    0.0625   67.5255   19.2891   52.6092   23.3413   19.8313   33.2481   39.5557   67.1268   8.20797    57.891   41.2996   20.9223   104.031   39.5311   21.3586   12.5665    14.622    44.558   18.1277   40.6639   15.2655   94.6824   60.9556    43.012   42.7779    58.571   92.4996   23.0871   26.2154    57.279   26.7851   12.3812   15.2191   6.10073   57.6117   11.0623   48.0755   42.5121   105.141   30.2067
