32
   0.03125   78.0465   9.12612   71.5123   31.9504    50.396   80.1349   36.1642   14.9157   60.8413   59.0451   24.7794   24.1269   68.3523   75.4629    19.762   11.9375   24.4378    83.218    16.424   45.5104   11.8486   77.0759   54.7505   68.8736   50.1693   65.5544    40.546    3.2641   21.0005   72.0972   15.3166   43.5782   43.1266   12.8556   77.5219    11.113   48.1434    4.3964   61.2282   20.0094
   0.03125   19.7335   37.6499   81.2561   38.4753   47.1035   16.4039   43.9877    51.075   52.4241   37.6162   23.1966   8.01596   50.8362   88.6069   6.23626   41.5552   15.3117   64.0291   19.1343   60.2019   9.67433   102.209    45.495   61.4401   21.7433   44.5301   65.5388   13.5054   36.9153   40.6051   14.3602   15.7802   28.3223   10.5154   71.9826   5.71095   42.9426   27.2746   70.9808   10.2877
   0.03125   64.2445   35.8783   32.7546   42.2694    50.001   71.7144   55.8514   32.1668   54.5024   69.9391   22.4408   9.18425   95.0856   81.1023   21.5258   15.4205   27.7033   57.4243   16.9098   57.9072   13.6341   67.1545   7.44241   35.0443    33.746   70.8827    105.94   21.8656   20.4695   80.1312   5.82662   9.89863    28.702   15.4332   78.2714   11.8503   44.2004   44.7597   97.7395   1.13899
   0.03125   77.2834   15.1118    69.857   30.5042   54.2229   64.7525   36.0034   53.0417   31.8334   81.5764    32.689   17.8029   95.0123   71.1206   26.1253   18.2787   21.9735    84.054   18.4444   42.7746   10.7548   73.3426   14.3632   71.4946   4.20269   62.5257   14.5923   21.6072   35.1657   68.9269   30.1725   37.3142   26.1949    11.686   40.6877   7.38315   56.0438   70.8476    68.229   18.4017
   0.03125   66.0117   33.1788    30.188   27.4607   37.5264   68.7649   22.1719   44.9582   50.5954   82.2592   4.22609   12.5001   35.3165   76.7575   17.1952   25.7119   33.8325   110.326   11.4006   28.5844   8.87122   79.4497   52.7325   38.2738   11.1624   27.6374   59.3655   25.1925   38.1928   73.7278   29.9209   18.1747    29.925    7.8071   45.5191    15.757   22.6058   54.8244    79.598   34.9057
   0.03125   44.8696   26.9805   70.9374   23.5819   60.0165   29.3359   23.6248   80.2888   32.4182   44.8505   38.4136   21.8084   52.7949   115.375   26.1201   23.6877    22.652   53.0269   19.4068   57.6957   14.8982   60.8032   53.8624   53.2531   54.0103   62.7426   75.2126   32.4853   32.8194   77.7866   9.08826   4.95644    19.313   7.42066   59.0498   12.0523   51.6301   37.9534   53.1708   28.0924
   0.03125   38.7963   22.8997   16.0934   41.6494   56.8183   51.0512   21.9931   40.0313   36.5246   71.2159   32.1959   12.1649   46.4103   40.6295   11.9493   35.1615   32.4594   42.6564   16.4871   55.0608   14.1642   48.6544   53.3049   71.1595   40.0253   48.3357    57.622   8.40709   45.9272   57.9965   19.7889   34.2944   19.2713   13.8899    43.058   17.2216   53.0426   67.9291   40.4777    36.456
   0.03125    62.976   12.4915   75.8278   39.2528   64.1058   92.6601   63.2136   59.1665   19.7828   59.1794   11.2333   14.9812     60.71   94.2075   20.0091   18.8274   32.6145   54.2226   10.6669   51.1776   12.6347   90.7219   43.3504   66.9293   30.2284    39.341   27.2313    29.534   15.8334   68.0351   24.1846   27.6586   22.9333   12.5087   60.2419   13.2162   47.9805   67.9169   112.617   34.5211
   0.03125    16.978   13.2094   46.6726   32.0092   35.4638   71.3085   48.4195   77.0251   47.8209   39.0357   24.1782   16.9796   27.7601   50.7453   31.9088   13.8957   8.68351   58.4273   20.8583   42.3213   20.0721   83.2543   37.6754   22.5865   66.0604   38.9068   78.0472   26.2976   32.3991   44.0103   16.8767   11.4132   40.2143   15.6282    67.261   16.5204   41.1413   60.2117   61.7158   30.1162
   0.03125   68.2847   31.5674   7.04198    38.429   51.3548   31.1361   31.7095   64.5888   67.2564   64.8743   10.5392   13.6761   62.1111   78.4284   18.8449   26.7278   31.2882   37.1629    17.789   48.7012   15.3727   30.5822   13.4192   35.5573   52.5777   15.1196   42.2192   31.1208   49.3716    46.418   28.3198   34.5147   30.0513   12.6114   47.6165   10.9891   40.9495   29.0757   54.4181   28.4602
   0.03125   44.1996   17.3537   89.3473   34.9425    19.677   94.0684   43.1938   38.0934   34.3917   47.2128   14.5164   5.13581   72.5907   67.8637   32.1743   13.0328   30.8949   19.0996    5.5147   35.2139   7.13551   24.7176   29.3269   87.0773   43.5338   75.7774   39.5569    32.394   30.7393   41.7358   13.1083   35.5796   36.7843   12.5261   71.7378   9.20663   49.5045    20.745   93.8905   19.8369
   0.03125   82.8181   13.3476   51.5208    27.721   11.6142   33.5453   54.2831   77.5936   22.9435   76.2226   16.8951   17.8375   79.1143   29.0633   17.9075   28.9224   20.8291   75.2507   17.3877   44.0454   18.2869   46.8835   29.8401   7.74739   38.1862   82.1711    55.728   13.7829   41.6628   60.4705   13.9821   32.6943   35.2979   12.1082   79.2934    1.9261   37.5629   81.4813    101.25   24.2768
   0.03125   51.3938   14.8356   44.8899   43.8464   37.3288   67.8173   51.3401    64.346    39.237   36.2541   32.0099   23.7912   58.4574   72.3212   29.8462   44.9683   31.5696   72.8111    17.219   33.3185   6.35522   71.1784   56.7899   88.4456   47.1194    65.623   83.5832   31.2176   34.6939   59.0995   15.4987    20.463   1.73004   7.08408   50.7618   6.97551   36.1387   49.9934   50.3039   29.7663
   0.03125   67.0205   23.7916   53.5163   31.9375   34.4648   49.1034    41.035   67.8508   37.2876   60.9731   18.2392    16.596   44.2077   53.0721   10.4756   1.56166   13.0499   13.7244   11.5658   33.1827   1.59809   21.2017   59.5921   68.0724   44.8758   53.1033   30.5249   31.8686   40.0345   62.3457   24.4102   31.8729    24.413   8.44705   49.6835   10.7021   36.2167   82.2478   59.1889   24.9397
   0.03125   61.4419    34.475   93.7321   26.3591    25.977   52.9727   13.3839   64.5746    27.422    59.455   36.4166   17.0374   106.765   98.6515    20.965   32.0723   21.3515   41.4618   4.86875   62.5067   14.5545   57.7238   23.0312   82.0675   28.3833   15.6858   79.1962   28.0601   44.7656   51.7321   8.89312   15.2723      38.4    13.831   57.0494   10.2734   27.2518   54.5496   109.436   23.2247
   0.03125   67.5255   19.2891   52.6092   23.3413   19.8313   33.2481   39.5557   67.1268   8.20797    57.891   41.2996   20.9223   104.031   39.5311   21.3586   12.5665    14.622    44.558   18.1277   40.6639   15.2655   94.6824   60.9556    43.012   42.7779    58.571   92.4996   23.0871   26.2154    57.279   26.7851   12.3812   15.2191   6.10073   57.6117   11.0623   48.0755   42.5121   105.141   30.2067
   0.03125   14.7956   31.7892   49.2616   27.2029    47.459    97.192   50.2141   42.2266   42.1791   23.6783   40.6541   19.8623   54.3338    112.91   22.6667   10.0165   37.7767    76.882   15.4382   13.0165    7.4139   75.2095   48.0877   20.5992   23.3783    49.919   86.4423   21.0935   18.4289   33.7018   22.7691   32.4502   16.8058   9.79536   70.6945    12.532   42.9363   63.8466   39.3938   26.2809
   0.03125   49.9134   22.5142   48.6274   8.93068   24.4083   91.8056   66.7318   78.3962   63.0282   82.1504   44.3354   13.6679    77.993    90.977   11.8363   18.6362   16.8485   107.494   17.1044   34.9955   12.1962   84.5513   21.5574   42.3021     41.97   70.9643   56.5163   25.3839   40.1453   11.0506   20.1709    33.074   38.6702   7.90225   80.6781   10.1034   33.8908   48.7224   100.479   33.2125
   0.03125   68.7924     21.64   53.1058   31.0428    42.111   62.7211   58.4702   43.2459   29.9153   65.2432   21.0585   16.7571   73.8894   80.2079   31.0206   30.2771   12.6503   103.946    14.952   36.6682   16.2796   90.7481   49.3201   59.3206    24.995   69.6541   99.0306   32.2945   14.3712   35.6788   13.7232    25.243    17.882   5.86969   56.8434   15.6092   25.9889   26.8203   70.3313   27.1393
   0.03125   42.4777    13.788   69.3129   38.0546   60.4945   47.4761    66.149   48.5402   34.7024   52.3705    23.552   17.9808   49.8388   55.8956   32.5149     45.61   27.7363   25.6508   15.9643   20.5152   16.6578   44.5484   33.5693   65.3778   40.3238   37.0677    31.133   17.5728   29.6208   32.1345   18.6178   29.2238   34.5964   4.04268   33.8116   12.2343   13.7021   73.6059    107.27   20.8126
   0.03125   22.0913   25.0247   66.3114   37.0522   23.4274   28.2877   60.3089   65.7954   27.8509   14.3144   39.4612   15.6787   22.1699   77.4009   16.8697   11.2225   25.2796   77.4483   4.30899   25.4315   7.73843   94.3691   23.2507   58.8953    49.282   62.6302   49.1253   18.8188   38.8828   68.3399   31.6718   26.6718   39.1351   2.65407   59.2935   11.5462   29.3222   42.6915   72.0957   24.0369
   0.03125   60.4096   28.6988   70.2427    36.429   55.1863   70.1651   42.9172   18.1196   16.4315   62.2244   34.0414   12.6424   76.5189   42.3252    22.132   43.7302   1.48858   56.7131   12.9379   41.8305   12.4917   37.8696    14.651   75.9033   54.1483   63.5923   45.0569    32.078   50.1762   51.9902    20.206   27.3955    26.687   7.66838   6.54916    14.761   30.3055   5.53387   46.5503    19.293
   0.03125   38.0147   27.3016   84.2529    36.558   21.0142   85.6127   53.9202   56.1447   39.0525   28.4885   28.4543   10.3191    63.941   49.0072   24.1989   40.2782   23.3392   91.8957   5.69372   31.5617   16.9502   24.2246   64.2631   42.7899   2.53297    68.155   71.1775    16.899   37.6219   26.5264   21.7361   36.3599   17.2477   8.71048   39.2801   7.70572   20.6168   62.6319   89.0072   19.2437
   0.03125   73.3261   31.4113   49.4012   34.6715   18.2519    82.746   38.0719   66.4443   48.7195   67.6145   8.62301   18.3326   64.6305   72.3068   17.6166   34.9396   32.1414   108.779   19.2578   49.3213   15.7779   75.5833   36.6955   58.5942    14.068   28.7955   93.9955   21.5482   33.8134   69.6116   17.7152   19.8384   7.34984   3.36938    48.434   8.64948   49.3233   41.7903   92.2306   12.6615
   0.03125   76.5549   16.4685   49.8122   41.5287   47.1821   57.1357   56.7931   54.9103   55.2106   77.0818   32.5421   21.9697   67.7968   31.9538   16.3201   37.8052    28.243   48.7919   7.52353   56.8212   10.9029   102.706   22.4071   47.7677   62.0019   77.1495   86.7141    13.348   55.8733   79.7167   14.8339   13.7188   4.39981     7.207   41.5905   12.4731    22.431   65.3239   59.4844   35.7241
   0.03125   13.5471   14.7539   21.3783   40.7796   59.0444   64.1577   41.7561   74.5735   49.4973   81.3315   41.6537   27.1002   25.7245   26.5519   8.25356   24.6365   26.6377   95.5329   18.4761   50.0774    17.661   66.8206    25.139    64.958   53.2081   33.3018   74.1876   29.3743    39.186   69.9432   16.3978   8.60182   31.1132   14.1644   70.9789   9.95746    25.796   43.3294   32.1739   16.7669
   0.03125   37.2153   21.8423   68.0192   13.9712   51.0101    30.425   68.4186   20.1845   40.1049   45.5747   39.9913   4.53117    13.865   37.1713   33.3819   36.9464   21.8929   34.2058    21.409   21.8774   17.1579    64.004   41.7721   75.3586   20.4857   42.5411   56.7335   36.6644   38.6701   21.4811   17.6589   29.2592    30.563   6.67268   24.9884   16.1579   28.9714   50.9666   72.5983   11.4113
   0.03125   26.6745   17.9553   87.9697   40.6773   10.4946   50.4396    2.4889   73.2118   43.1917   66.8827   26.2564   16.3415   71.2298   81.8791   28.3874   24.8698    26.225   74.1641   16.7825    67.673   12.3589      97.1    41.195    63.278   37.0582    68.489   107.925   25.6767   34.2185   44.7788   28.0142   34.8102   19.5099   15.3792   50.9642   10.2071   43.0581   40.9108   60.4079   27.7952
   0.03125   32.8982   10.0523    68.189   39.5859   48.6832   37.8445   57.8351   74.5099   56.7427   44.4853   16.4146   14.3838   32.4822    67.307   25.8452   31.3267   32.3134    107.07   6.96376   56.1948   7.00823   70.2456   53.4187   60.8669   36.8679   51.1654   52.8804   31.3893   44.7868   37.2456   21.4941   38.0541   24.7534   11.8567   76.0314   2.63313    39.753   63.8538   63.5294   13.4079
   0.03125   50.2126   13.2882   67.9798   29.7728    63.562   87.3058   6.32269   75.8657   46.4899    53.416   13.6946    18.023   92.0273    77.886   11.1344   33.7437   19.9467   71.5321   17.9078   51.2026   4.96681   61.8608   50.2162   56.6291   25.3458    71.956   89.7526   24.5878   39.8041   40.5929   3.31386   41.7476   28.6901   10.7321   59.7791   17.7063   40.5483   75.4881   82.9202   33.7731
   0.03125   63.9913   20.3228   64.0186   32.4769   50.2381   74.1395   42.2412   34.8575   70.0016   56.2741   22.1583   13.1208   60.7478   38.0706   25.8208   33.2822   31.9668   88.4845   12.6053   58.0099   11.9973   52.9087   37.0074   26.4273   62.7046   34.7873   67.0741   10.9223    36.493   33.2675   22.1612   33.2633   39.1491   2.91516   43.2381   15.4711   50.5146   67.6249   78.1198   16.4375
   0.03125     35.13   6.18882   73.7883   43.9194    34.195   80.3424   49.7396    26.692   56.4768   74.4936   25.4928   2.10516   38.1343   101.667   12.2315   36.9346   38.1575   82.2779   16.0169   54.4096   17.9901   88.3267   60.1106   78.4137   41.2804   66.5086   69.3724   33.3429   41.1617   34.5406   25.0803   18.2953   40.6341   6.69833   23.0974   14.0368   44.6292   39.4824   46.0848   32.2605
